3 0.2625 0.80703125 0.240625 0.08984375
5 0.3328125 0.91015625 0.37578125 0.0984375
5 0.3765625 0.7125 0.29140625 0.096875
5 0.1859375 0.70859375 0.0875 0.09296875
5 0.33046875 0.6078125 0.37890625 0.08984375
5 0.33203125 0.5109375 0.3796875 0.0921875
5 0.33203125 0.4078125 0.38203125 0.09609375
6 0.05078125 0.925 0.1015625 0.075
6 0.02734375 0.815625 0.0546875 0.05703125
6 0.03984375 0.7234375 0.0796875 0.0625
6 0.03203125 0.621875 0.0640625 0.059375
6 0.06015625 0.51796875 0.1203125 0.0640625
6 0.03203125 0.41484375 0.06328125 0.04765625
6 0.2171875 0.29921875 0.434375 0.0859375
4 0.06015625 0.159375 0.1203125 0.1234375
6 0.1859375 0.1609375 0.1296875 0.06640625
6 0.1578125 0.02734375 0.19140625 0.05390625
4 0.028125 0.0390625 0.05625 0.078125
1 0.97265625 0.03203125 0.0546875 0.0640625
1 0.90625 0.03125 0.034375 0.0625
1 0.840625 0.03203125 0.02890625 0.0578125
1 0.778125 0.0328125 0.025 0.0546875
1 0.93984375 0.15859375 0.1203125 0.09140625
6 0.83046875 0.159375 0.06796875 0.0578125
6 0.759375 0.15625 0.05234375 0.05546875
6 0.6484375 0.153125 0.14921875 0.05390625
6 0.5203125 0.1578125 0.0796875 0.0546875
6 0.44296875 0.15625 0.05390625 0.06015625
7 0.6390625 0.15859375 0.47578125 0.1140625