6 0.725 0.8609375 0.2140625 0.03984375
1 0.146875 0.7953125 0.2515625 0.05625
1 0.146875 0.734375 0.25078125 0.05390625
1 0.1453125 0.6734375 0.2515625 0.05234375
1 0.14609375 0.61328125 0.2515625 0.05546875
1 0.14609375 0.55234375 0.25234375 0.05859375
1 0.146875 0.49140625 0.25234375 0.0578125
1 0.14453125 0.428125 0.2515625 0.05625
6 0.1359375 0.325 0.2546875 0.0578125
4 0.15234375 0.08828125 0.265625 0.13359375
6 0.4796875 0.93984375 0.0515625 0.0375
6 0.38359375 0.93671875 0.0703125 0.03359375
6 0.5734375 0.78984375 0.0921875 0.02890625
6 0.684375 0.75390625 0.071875 0.0390625
6 0.8921875 0.79765625 0.059375 0.03203125
6 0.90703125 0.75390625 0.0859375 0.03984375
6 0.9078125 0.68203125 0.08984375 0.0359375
6 0.89296875 0.640625 0.05859375 0.0390625
9 0.85078125 0.7921875 0.021875 0.03515625
9 0.85 0.74765625 0.0203125 0.0296875
9 0.85078125 0.678125 0.02109375 0.03203125
9 0.85078125 0.63203125 0.01875 0.03046875
5 0.69375 0.6265625 0.071875 0.05078125
5 0.61875 0.6265625 0.0546875 0.05234375
5 0.5546875 0.62578125 0.053125 0.0515625
5 0.61328125 0.7421875 0.05390625 0.05703125
5 0.55546875 0.7421875 0.05390625 0.0546875
1 0.86640625 0.93203125 0.0640625 0.05390625
1 0.7734375 0.93203125 0.11484375 0.0546875
1 0.64296875 0.93203125 0.140625 0.05859375
1 0.87578125 0.86328125 0.08359375 0.05078125
1 0.87421875 0.56953125 0.08203125 0.05234375
1 0.875 0.50859375 0.08046875 0.04921875
1 0.87421875 0.44609375 0.078125 0.04921875
1 0.8734375 0.38515625 0.07890625 0.0484375
1 0.87421875 0.325 0.08125 0.0546875
5 0.63671875 0.56328125 0.2171875 0.05234375
5 0.63671875 0.50390625 0.21640625 0.053125
5 0.63515625 0.440625 0.2171875 0.05234375
5 0.6359375 0.3796875 0.2171875 0.05390625
5 0.63671875 0.31953125 0.215625 0.04765625
6 0.584375 0.67109375 0.1234375 0.03203125
2 0.4390625 0.93203125 0.0265625 0.03984375
2 0.33515625 0.9296875 0.025 0.03515625
6 0.35078125 0.73046875 0.0609375 0.04453125
6 0.38046875 0.61953125 0.1171875 0.03828125
6 0.04375 0.27578125 0.06796875 0.040625
6 0.11328125 0.19453125 0.18515625 0.040625
6 0.3421875 0.43125 0.0515625 0.04921875
6 0.3796875 0.3734375 0.1203125 0.040625
6 0.37265625 0.3140625 0.109375 0.0390625
6 0.4828125 0.2671875 0.32734375 0.04375
6 0.565625 0.09609375 0.5125 0.0890625