3 0.49921875 0.50390625 0.26875 0.653125
8 0.47578125 0.4671875 0.190625 0.03359375
2 0.39375 0.465625 0.0203125 0.0234375
8 0.4484375 0.509375 0.1375 0.03125
2 0.39375 0.509375 0.0203125 0.025
8 0.4578125 0.5515625 0.1546875 0.03359375
2 0.39375 0.55234375 0.02109375 0.028125
8 0.4671875 0.596875 0.17265625 0.03828125
2 0.39453125 0.596875 0.0203125 0.0296875
8 0.4484375 0.640625 0.1359375 0.034375
2 0.39375 0.640625 0.0203125 0.02890625
8 0.47109375 0.684375 0.18125 0.034375
2 0.39453125 0.68359375 0.02109375 0.02578125
8 0.45078125 0.7265625 0.1421875 0.03125
2 0.39375 0.7265625 0.0203125 0.02421875
8 0.45546875 0.7703125 0.1453125 0.03828125
2 0.39453125 0.76953125 0.01796875 0.02890625
8 0.5 0.40078125 0.22734375 0.04921875