5 0.71796875 0.196875 0.38984375 0.075
5 0.31796875 0.19296875 0.3921875 0.07421875
6 0.51640625 0.10625 0.26640625 0.0375
6 0.52265625 0.06328125 0.5265625 0.04609375
6 0.1671875 0.3625 0.090625 0.03203125
6 0.18984375 0.25546875 0.1453125 0.0296875
6 0.71796875 0.41484375 0.11953125 0.0359375
6 0.459375 0.41484375 0.08046875 0.03046875
6 0.20234375 0.41484375 0.1171875 0.034375
6 0.51796875 0.696875 0.79296875 0.1578125
6 0.51875 0.903125 0.40234375 0.040625
1 0.51875 0.83203125 0.39140625 0.0734375
5 0.5171875 0.559375 0.78984375 0.075
5 0.51640625 0.48359375 0.78828125 0.07421875
3 0.78125 0.3078125 0.25546875 0.065625
3 0.51796875 0.3078125 0.2546875 0.065625
3 0.25078125 0.30546875 0.26171875 0.065625
9 0.86796875 0.4140625 0.0359375 0.0375
9 0.59296875 0.41328125 0.03828125 0.03515625
9 0.35 0.41328125 0.03515625 0.03125