8 0.08203125 0.8328125 0.11484375 0.06875
8 0.07734375 0.7390625 0.11328125 0.0625
8 0.0765625 0.6515625 0.1046875 0.05703125
8 0.078125 0.55546875 0.10234375 0.05625
8 0.07578125 0.46640625 0.1078125 0.06875
2 0.040625 0.46484375 0.028125 0.04609375
8 0.0765625 0.375 0.1015625 0.065625
8 0.07421875 0.28359375 0.0953125 0.0546875
8 0.08359375 0.19375 0.115625 0.06015625
2 0.04296875 0.19453125 0.01953125 0.0359375
2 0.04375 0.28515625 0.021875 0.03515625
2 0.04375 0.37578125 0.0203125 0.03515625
2 0.0421875 0.5578125 0.02421875 0.034375
3 0.5015625 0.4703125 0.971875 0.89765625
2 0.0421875 0.740625 0.03046875 0.04140625
2 0.04375 0.65 0.02421875 0.03828125
2 0.04375 0.8328125 0.0203125 0.03984375
12 0.06015625 0.06640625 0.07578125 0.06484375
12 0.15 0.065625 0.0953125 0.0625