6 0.3796875 0.7890625 0.04296875 0.03203125
6 0.41328125 0.69296875 0.1078125 0.02890625
6 0.4 0.59140625 0.0828125 0.0328125
6 0.82421875 0.49765625 0.10078125 0.03125
6 0.59609375 0.49765625 0.0609375 0.03125
6 0.38515625 0.49765625 0.04921875 0.03203125
6 0.39765625 0.396875 0.07421875 0.02890625
6 0.75078125 0.2984375 0.1484375 0.03046875
6 0.4203125 0.2984375 0.12578125 0.02734375
6 0.40703125 0.19609375 0.0953125 0.0265625
1 0.97734375 0.0265625 0.03125 0.0359375
1 0.94375 0.0265625 0.03125 0.0359375
1 0.91171875 0.02421875 0.03515625 0.0390625
6 0.08671875 0.21484375 0.153125 0.04296875
6 0.09296875 0.1859375 0.1625 0.03203125
6 0.06640625 0.1546875 0.11328125 0.03125
6 0.08515625 0.121875 0.15078125 0.028125
6 0.07578125 0.08984375 0.134375 0.03515625
6 0.12265625 0.02265625 0.18671875 0.04453125
1 0.74453125 0.9140625 0.14453125 0.0640625
1 0.56875 0.91484375 0.1453125 0.06015625
3 0.6640625 0.8359375 0.60859375 0.0578125
3 0.66328125 0.73515625 0.61015625 0.0578125
3 0.6640625 0.6359375 0.60859375 0.05625
3 0.8734375 0.54296875 0.18828125 0.05625
3 0.66015625 0.54375 0.18984375 0.0578125
3 0.453125 0.54140625 0.18828125 0.05703125
3 0.66171875 0.44140625 0.60703125 0.05625
5 0.82265625 0.34453125 0.28515625 0.06171875
5 0.503125 0.3421875 0.28671875 0.06015625
5 0.6625 0.24296875 0.6078125 0.0609375
4 0.0140625 0.02421875 0.028125 0.0484375
12 0.54765625 0.1015625 0.4328125 0.06796875