8 0.7890625 0.41875 0.271875 0.0734375
8 0.7890625 0.6609375 0.2796875 0.075
3 0.790625 0.34140625 0.2796875 0.07890625
3 0.35390625 0.5609375 0.49296875 0.64296875
8 0.3015625 0.81796875 0.2171875 0.06328125
8 0.3 0.740625 0.21875 0.07578125
8 0.29765625 0.67109375 0.21953125 0.05703125
8 0.303125 0.59296875 0.234375 0.07890625
8 0.30234375 0.515625 0.228125 0.07421875
8 0.296875 0.4390625 0.228125 0.06328125
8 0.296875 0.36171875 0.22734375 0.07421875
8 0.7171875 0.584375 0.115625 0.065625
8 0.71875 0.4984375 0.1328125 0.07421875