3 0.496875 0.15390625 0.2890625 0.1140625
3 0.18125 0.15234375 0.28515625 0.115625
3 0.821875 0.5 0.28515625 0.80625
8 0.7546875 0.38359375 0.11875 0.06015625
2 0.72109375 0.3875 0.028125 0.0484375
8 0.76640625 0.5734375 0.13203125 0.059375
2 0.7203125 0.57734375 0.02734375 0.04765625
8 0.75078125 0.85546875 0.1171875 0.0640625
2 0.715625 0.859375 0.0375 0.053125
8 0.76015625 0.29140625 0.1296875 0.0625
2 0.721875 0.29453125 0.0328125 0.0515625
8 0.76875 0.48203125 0.13984375 0.06015625
2 0.721875 0.48515625 0.03125 0.0546875
8 0.7765625 0.76953125 0.16875 0.07109375
2 0.7171875 0.76953125 0.034375 0.0484375
8 0.7578125 0.675 0.13125 0.06484375
2 0.72109375 0.67890625 0.0421875 0.0515625