3 0.1046875 0.1875 0.17421875 0.33828125
3 0.86171875 0.2640625 0.17578125 0.34375
3 0.8609375 0.49453125 0.17890625 0.0609375
3 0.86171875 0.58828125 0.17578125 0.065625
12 0.1078125 0.69765625 0.215625 0.07578125
5 0.2890625 0.77578125 0.09609375 0.06015625
5 0.10546875 0.8328125 0.2109375 0.059375
5 0.69375 0.77421875 0.56484375 0.0578125
5 0.67578125 0.9140625 0.56875 0.0625
1 0.13046875 0.4140625 0.06171875 0.0625
1 0.05703125 0.48828125 0.06171875 0.059375
1 0.1296875 0.55 0.0609375 0.06328125
1 0.2109375 0.50546875 0.059375 0.0625
9 0.2609375 0.44921875 0.02109375 0.03984375
9 0.3140625 0.50390625 0.01640625 0.040625
9 0.378125 0.55 0.02265625 0.03984375
9 0.45859375 0.6015625 0.02265625 0.04921875
2 0.49453125 0.1109375 0.02265625 0.0453125
2 0.40390625 0.1578125 0.0234375 0.0421875
2 0.49453125 0.20390625 0.02265625 0.0453125
2 0.56953125 0.159375 0.0234375 0.04140625
6 0.54296875 0.11328125 0.06875 0.03515625
6 0.453125 0.15703125 0.06875 0.0296875
6 0.61875 0.15859375 0.07109375 0.03671875
6 0.540625 0.2046875 0.07421875 0.0359375
6 0.31796875 0.45390625 0.09140625 0.03828125
6 0.371875 0.50546875 0.0875 0.0328125
6 0.43671875 0.5515625 0.09296875 0.03125
6 0.5140625 0.60390625 0.08828125 0.0421875
8 0.090625 0.10078125 0.1265625 0.04140625
8 0.08515625 0.14765625 0.12421875 0.04609375
8 0.08671875 0.196875 0.12578125 0.02734375
8 0.0859375 0.24140625 0.12421875 0.03125
8 0.08671875 0.284375 0.121875 0.040625
8 0.84375 0.18046875 0.121875 0.0421875
8 0.84453125 0.22734375 0.12109375 0.0375
8 0.84453125 0.271875 0.1234375 0.03828125
8 0.84453125 0.3203125 0.125 0.0296875
8 0.84375 0.3625 0.1234375 0.0328125