12 0.071875 0.690625 0.14375 0.065625
5 0.54296875 0.91015625 0.375 0.05859375
5 0.5546875 0.771875 0.375 0.05625
2 0.421875 0.20390625 0.01328125 0.040625
2 0.36328125 0.15625 0.0140625 0.03828125
2 0.42265625 0.1109375 0.01328125 0.03515625
2 0.471875 0.15625 0.01328125 0.0359375
9 0.39765625 0.59765625 0.01171875 0.04140625
9 0.3453125 0.55078125 0.01328125 0.040625
9 0.30234375 0.5046875 0.01171875 0.0390625
9 0.175 0.44765625 0.01171875 0.03515625
1 0.0859375 0.5515625 0.0359375 0.05703125
1 0.0390625 0.48828125 0.03671875 0.05390625
1 0.14140625 0.50625 0.0359375 0.059375
1 0.08671875 0.41328125 0.0359375 0.0578125
5 0.071875 0.8328125 0.14296875 0.05546875
5 0.19140625 0.77265625 0.06171875 0.05390625
3 0.07109375 0.1859375 0.1203125 0.346875
3 0.66640625 0.58671875 0.11875 0.06796875
3 0.66640625 0.4953125 0.11875 0.06953125
3 0.665625 0.2609375 0.1203125 0.35234375
8 0.65546875 0.3671875 0.08125 0.04453125
8 0.65546875 0.31875 0.08671875 0.04609375
8 0.65546875 0.26796875 0.08515625 0.0375
8 0.65625 0.225 0.084375 0.03828125
8 0.65546875 0.17890625 0.0828125 0.03828125
8 0.059375 0.2875 0.08359375 0.0421875
8 0.06015625 0.24140625 0.08359375 0.0359375
8 0.06015625 0.19765625 0.08203125 0.034375
8 0.059375 0.14921875 0.0828125 0.0359375
8 0.06015625 0.10390625 0.08359375 0.04375
6 0.4359375 0.60078125 0.059375 0.0390625
6 0.384375 0.55390625 0.05703125 0.0375
6 0.34140625 0.50703125 0.05859375 0.0359375
6 0.2140625 0.45078125 0.0578125 0.0390625
6 0.39453125 0.153125 0.04609375 0.0328125
6 0.45390625 0.20390625 0.046875 0.04140625
6 0.5046875 0.15859375 0.04609375 0.03671875
6 0.45390625 0.10859375 0.046875 0.03671875