12 0.07109375 0.69453125 0.1421875 0.0734375
8 0.059375 0.28515625 0.08203125 0.0328125
8 0.059375 0.2421875 0.08046875 0.03203125
8 0.06015625 0.19609375 0.08046875 0.03203125
8 0.05859375 0.14765625 0.08046875 0.03125
8 0.059375 0.103125 0.08046875 0.03046875
3 0.07109375 0.1875 0.115625 0.33828125
3 0.065625 0.52421875 0.11640625 0.0609375
3 0.06640625 0.6015625 0.1171875 0.06171875
5 0.071875 0.8328125 0.14296875 0.06171875
5 0.1921875 0.7734375 0.06328125 0.0609375
5 0.5421875 0.909375 0.375 0.0625
5 0.5546875 0.77421875 0.375 0.059375
6 0.44765625 0.371875 0.059375 0.03984375
6 0.515625 0.32265625 0.05703125 0.03359375
6 0.5328125 0.27109375 0.059375 0.0359375
6 0.37265625 0.3109375 0.04609375 0.03203125
6 0.36640625 0.253125 0.059375 0.03671875
6 0.39453125 0.16015625 0.04609375 0.03515625
6 0.5046875 0.1609375 0.04609375 0.034375
6 0.4546875 0.11171875 0.04765625 0.034375
9 0.47734375 0.3203125 0.01171875 0.03515625
1 0.35078125 0.378125 0.0359375 0.05546875
1 0.42890625 0.27421875 0.0359375 0.0546875
1 0.55859375 0.20078125 0.0359375 0.053125
1 0.375 0.09765625 0.0359375 0.05703125
2 0.340625 0.3125 0.015625 0.04140625
2 0.47265625 0.15859375 0.0140625 0.03984375
2 0.36328125 0.15703125 0.01484375 0.04140625
2 0.421875 0.1125 0.01484375 0.0375
9 0.328125 0.2515625 0.0109375 0.0375
9 0.41015625 0.365625 0.0125 0.0390625
9 0.49453125 0.2671875 0.01171875 0.0359375
3 0.928125 0.225 0.11640625 0.33984375
8 0.9171875 0.32890625 0.08125 0.03515625
8 0.91640625 0.28203125 0.08046875 0.0328125
8 0.9171875 0.23671875 0.0796875 0.03203125
8 0.91796875 0.190625 0.08046875 0.03046875
8 0.91171875 0.1484375 0.0703125 0.0390625