3 0.39140625 0.68671875 0.296875 0.56953125
8 0.39140625 0.7734375 0.296875 0.05625
1 0.6625 0.33046875 0.4265625 0.0828125
1 0.2328125 0.33046875 0.434375 0.08671875
1 0.053125 0.225 0.0484375 0.0578125
1 0.61328125 0.22578125 0.0328125 0.04765625
1 0.86875 0.22421875 0.0453125 0.05546875
1 0.9109375 0.33203125 0.0359375 0.046875
1 0.94375 0.22734375 0.0453125 0.065625
1 0.8609375 0.0578125 0.0375 0.04765625
1 0.909375 0.05703125 0.0359375 0.0546875
1 0.9625 0.05703125 0.0359375 0.05
8 0.34609375 0.721875 0.1921875 0.04921875
8 0.3546875 0.6671875 0.20625 0.0515625
8 0.346875 0.6109375 0.1953125 0.0484375
8 0.33203125 0.55546875 0.16875 0.04921875
8 0.3671875 0.88046875 0.22578125 0.04609375
8 0.3734375 0.828125 0.240625 0.04296875
8 0.3265625 0.9359375 0.146875 0.0453125
6 0.29609375 0.49921875 0.0890625 0.0453125
6 0.1296875 0.4359375 0.20625 0.053125
6 0.315625 0.059375 0.52421875 0.05546875
1 0.62734375 0.1375 0.0625 0.053125
1 0.54296875 0.1375 0.05703125 0.0453125
1 0.421875 0.140625 0.12109375 0.04453125
1 0.29296875 0.13984375 0.0828125 0.05
1 0.2015625 0.13984375 0.0640625 0.0484375
1 0.11796875 0.13828125 0.053125 0.04921875
1 0.046875 0.1390625 0.05234375 0.04296875
5 0.33359375 0.225 0.50546875 0.08515625
5 0.77109375 0.22578125 0.1265625 0.0546875
4 0.02890625 0.053125 0.04375 0.0625
4 0.11640625 0.22421875 0.04765625 0.06953125
4 0.47578125 0.33046875 0.04140625 0.0578125
4 0.0421875 0.33046875 0.040625 0.05859375
4 0.68203125 0.22265625 0.04140625 0.0625