12 0.071875 0.6953125 0.14375 0.0671875
8 0.91640625 0.328125 0.08359375 0.0359375
8 0.91640625 0.2796875 0.08125 0.034375
8 0.915625 0.2359375 0.08203125 0.03671875
8 0.915625 0.1859375 0.08203125 0.0375
8 0.91484375 0.1421875 0.08046875 0.0328125
8 0.75546875 0.4171875 0.08125 0.03203125
8 0.75546875 0.3703125 0.0828125 0.03359375
8 0.7546875 0.32265625 0.0828125 0.03203125
8 0.75625 0.27734375 0.08046875 0.0328125
8 0.7546875 0.2296875 0.08203125 0.03984375
5 0.7984375 0.8359375 0.37578125 0.1890625
3 0.79765625 0.6484375 0.11640625 0.06015625
3 0.84609375 0.57109375 0.0203125 0.06015625
3 0.78515625 0.26015625 0.1515625 0.4859375
3 0.928125 0.225 0.11640625 0.33828125
6 0.44453125 0.36875 0.05859375 0.034375
6 0.515625 0.3234375 0.059375 0.0359375
6 0.5328125 0.26875 0.059375 0.03359375
6 0.503125 0.15625 0.04765625 0.03359375
6 0.3484375 0.31171875 0.046875 0.034375
6 0.365625 0.2515625 0.05703125 0.0328125
6 0.39375 0.1578125 0.046875 0.03125
6 0.45390625 0.10859375 0.046875 0.04765625
9 0.47734375 0.31875 0.01484375 0.04453125
9 0.40703125 0.36796875 0.0140625 0.04453125
9 0.328125 0.25078125 0.0125 0.040625
9 0.49375 0.26328125 0.015625 0.04609375
2 0.47109375 0.15703125 0.015625 0.040625
2 0.421875 0.11171875 0.01796875 0.04375
2 0.36171875 0.15625 0.015625 0.04375
2 0.31640625 0.3125 0.0171875 0.04609375
5 0.21953125 0.89140625 0.0953125 0.12421875
5 0.41015625 0.771875 0.37890625 0.0734375
5 0.1171875 0.7734375 0.14375 0.065625
1 0.08125 0.37265625 0.15 0.26015625
1 0.22578125 0.39765625 0.03828125 0.0640625
1 0.0890625 0.18984375 0.165625 0.08203125
1 0.0890625 0.08046875 0.16328125 0.084375