6 0.09296875 0.84921875 0.09453125 0.0625
6 0.48125 0.6109375 0.04296875 0.0375
6 0.16796875 0.55390625 0.18359375 0.046875
6 0.13359375 0.4265625 0.021875 0.04140625
6 0.1859375 0.37109375 0.20625 0.0578125
6 0.759375 0.66484375 0.20078125 0.05859375
6 0.73046875 0.48125 0.1453125 0.05546875
6 0.88359375 0.3 0.0640625 0.06171875
6 0.7015625 0.30625 0.065625 0.05546875
6 0.521875 0.30390625 0.06796875 0.05859375
6 0.340625 0.30078125 0.06171875 0.05234375
6 0.16015625 0.3015625 0.0671875 0.04921875
6 0.19375 0.24921875 0.22734375 0.04765625
6 0.5390625 0.1828125 0.240625 0.0578125
6 0.19296875 0.178125 0.13203125 0.04921875
6 0.14140625 0.1203125 0.12265625 0.0515625
6 0.15078125 0.05078125 0.18359375 0.06484375
4 0.875 0.88671875 0.09921875 0.1515625
1 0.5484375 0.8171875 0.13515625 0.1
1 0.4 0.81875 0.12734375 0.09609375
9 0.83125 0.3046875 0.02890625 0.04921875
9 0.65 0.30390625 0.02890625 0.046875
9 0.46640625 0.303125 0.03125 0.05
9 0.28671875 0.30546875 0.03046875 0.05
9 0.10390625 0.3046875 0.02890625 0.04375
9 0.3953125 0.18125 0.0296875 0.03984375
9 0.10625 0.18046875 0.0296875 0.04921875
13 0.6015625 0.67109375 0.1046875 0.065625
13 0.603125 0.48828125 0.10078125 0.065625
10 0.30625 0.66640625 0.42265625 0.07421875
10 0.30859375 0.48359375 0.421875 0.06875