6 0.87109375 0.9109375 0.1171875 0.040625
6 0.709375 0.7765625 0.17265625 0.05234375
6 0.2875 0.77421875 0.13046875 0.05078125
6 0.78125 0.41328125 0.14296875 0.05078125
6 0.50078125 0.4078125 0.13984375 0.05546875
6 0.21875 0.40703125 0.11796875 0.05
6 0.1171875 0.13515625 0.0953125 0.06328125
6 0.13984375 0.07890625 0.13828125 0.03359375
1 0.80859375 0.6734375 0.096875 0.0828125
1 0.71328125 0.675 0.0890625 0.08203125
1 0.6125 0.671875 0.11171875 0.08359375
1 0.7953125 0.58828125 0.11328125 0.08203125
1 0.70078125 0.5875 0.078125 0.08359375
1 0.615625 0.5875 0.08828125 0.08046875
1 0.4046875 0.62734375 0.10625 0.0890625
1 0.28984375 0.62734375 0.1078125 0.08828125
1 0.171875 0.62578125 0.11484375 0.09765625
9 0.53984375 0.30234375 0.05390625 0.09765625
9 0.459375 0.29921875 0.05859375 0.103125
2 0.2609375 0.30078125 0.04765625 0.08671875
2 0.1828125 0.3 0.04921875 0.08515625
11 0.82265625 0.29453125 0.07265625 0.08984375
11 0.7359375 0.29609375 0.078125 0.08515625