6 0.54140625 0.08828125 0.91640625 0.17109375
6 0.24453125 0.25 0.221875 0.05703125
6 0.2703125 0.3171875 0.27578125 0.04921875
6 0.26015625 0.3796875 0.2640625 0.046875
6 0.23515625 0.446875 0.203125 0.05859375
6 0.23984375 0.51484375 0.215625 0.06328125
6 0.1796875 0.57265625 0.0921875 0.05625
6 0.25859375 0.63828125 0.25625 0.0578125
6 0.1984375 0.7 0.13359375 0.053125
6 0.246875 0.76875 0.2328125 0.05859375
6 0.21015625 0.83203125 0.1671875 0.0546875
4 0.4265625 0.25390625 0.03203125 0.02890625
6 0.5234375 0.2546875 0.15546875 0.0359375
5 0.56015625 0.31875 0.27578125 0.05078125
5 0.890625 0.42265625 0.21640625 0.26015625
5 0.5578125 0.4703125 0.27265625 0.22421875
5 0.8921875 0.65390625 0.215625 0.05625
5 0.88984375 0.7140625 0.215625 0.05703125
5 0.8921875 0.76953125 0.215625 0.04921875
9 0.4375 0.6234375 0.0265625 0.03515625
9 0.4390625 0.6671875 0.02734375 0.0390625
2 0.43671875 0.75546875 0.0328125 0.04140625
2 0.43671875 0.80625 0.0328125 0.03515625
6 0.571875 0.6234375 0.23359375 0.03828125
6 0.5875 0.671875 0.25234375 0.03203125
6 0.565625 0.7578125 0.21875 0.0328125
6 0.57890625 0.80546875 0.23828125 0.0296875
1 0.90625 0.8328125 0.1875 0.053125
6 0.04140625 0.93046875 0.075 0.03828125