6 0.0734375 0.53125 0.0734375 0.02109375
6 0.07109375 0.50546875 0.06953125 0.015625
6 0.07421875 0.48125 0.075 0.0203125
6 0.065625 0.42109375 0.05859375 0.0125
6 0.06171875 0.4 0.0484375 0.01953125
6 0.0796875 0.375 0.0859375 0.021875
6 0.0796875 0.31640625 0.08671875 0.01953125
6 0.0625 0.29296875 0.053125 0.015625
6 0.09609375 0.26953125 0.11484375 0.0171875
6 0.08125 0.24375 0.084375 0.01640625
6 0.078125 0.22109375 0.08203125 0.01796875
6 0.06484375 0.1984375 0.05546875 0.0171875
4 0.02734375 0.5296875 0.01328125 0.02109375
4 0.02734375 0.50546875 0.01171875 0.02421875
4 0.02734375 0.4796875 0.0140625 0.02109375
4 0.0265625 0.4234375 0.0140625 0.01875
4 0.0265625 0.4 0.01640625 0.0234375
4 0.028125 0.375 0.01484375 0.02109375
4 0.02734375 0.31796875 0.0140625 0.0234375
4 0.028125 0.29140625 0.0125 0.01953125
4 0.0265625 0.26875 0.01640625 0.01875
4 0.0265625 0.24609375 0.01953125 0.01796875
4 0.0265625 0.221875 0.01328125 0.0234375
4 0.0265625 0.19609375 0.0140625 0.01875
3 0.06875 0.75078125 0.06171875 0.01328125
3 0.06171875 0.7328125 0.04765625 0.01796875
3 0.06171875 0.73203125 0.0828125 0.05390625
3 0.06015625 0.72421875 0.10625 0.0734375
3 0.040625 0.678125 0.0671875 0.01640625
3 0.06875 0.6578125 0.11953125 0.01953125
3 0.03671875 0.63984375 0.05546875 0.01796875
3 0.06640625 0.61875 0.11484375 0.021875
6 0.39296875 0.48359375 0.38203125 0.13828125
1 0.978125 0.0140625 0.04375 0.028125
6 0.31171875 0.9109375 0.221875 0.08203125
6 0.31484375 0.83203125 0.225 0.0703125
6 0.38828125 0.67578125 0.36875 0.23046875
6 0.484375 0.27734375 0.34765625 0.19140625
4 0.25234375 0.25 0.0890625 0.13671875
7 0.5 0.1125 1 0.0890625
12 0.07265625 0.0515625 0.14140625 0.0421875
10 0.1015625 0.92578125 0.19609375 0.02890625
10 0.1828125 0.846875 0.0171875 0.1203125
10 0.18359375 0.6765625 0.01875 0.17265625
10 0.66796875 0.67578125 0.0265625 0.5765625