5 0.83203125 0.54453125 0.31328125 0.49140625
5 0.4734375 0.45234375 0.240625 0.08125
5 0.46015625 0.5421875 0.24140625 0.08671875
3 0.3765625 0.3421875 0.178125 0.0875
3 0.42890625 0.653125 0.18203125 0.078125
1 0.8328125 0.0359375 0.078125 0.071875
1 0.90625 0.0359375 0.0765625 0.071875
1 0.965625 0.0359375 0.059375 0.071875
1 0.5265625 0.79453125 0.1921875 0.090625
1 0.05546875 0.12890625 0.0671875 0.0625
1 0.134375 0.12890625 0.09140625 0.06171875
6 0.25703125 0.0453125 0.3703125 0.04609375
4 0.04140625 0.04609375 0.0515625 0.0671875
6 0.26484375 0.2296875 0.27265625 0.05390625
6 0.7609375 0.234375 0.23828125 0.05859375
6 0.225 0.34453125 0.1234375 0.06328125
6 0.2484375 0.45078125 0.1828125 0.05859375
6 0.24921875 0.54453125 0.17578125 0.0640625
6 0.24453125 0.65625 0.16953125 0.053125