1 0.7421875 0.12734375 0.04453125 0.0640625
1 0.6921875 0.12578125 0.0546875 0.06171875
1 0.64296875 0.12734375 0.04609375 0.06171875
1 0.59453125 0.12421875 0.053125 0.0578125
1 0.53828125 0.12734375 0.05234375 0.059375
1 0.48671875 0.12578125 0.04609375 0.0625
1 0.43515625 0.1265625 0.05234375 0.06015625
1 0.38125 0.12890625 0.0515625 0.05390625
1 0.32890625 0.12890625 0.0515625 0.0609375
1 0.284375 0.13203125 0.034375 0.04453125
1 0.2375 0.13203125 0.03984375 0.04140625
1 0.1921875 0.13203125 0.03046875 0.04296875
1 0.134375 0.13125 0.040625 0.04921875
1 0.084375 0.13203125 0.04375 0.04765625
1 0.040625 0.12890625 0.0359375 0.05234375
1 0.36796875 0.0765625 0.0578125 0.03359375
1 0.303125 0.075 0.06484375 0.03203125
1 0.225 0.0734375 0.071875 0.03515625
1 0.14453125 0.07578125 0.05859375 0.03203125
1 0.0875 0.075 0.040625 0.03203125
1 0.0296875 0.07421875 0.046875 0.03359375
6 0.7671875 0.28984375 0.16171875 0.034375
6 0.78359375 0.23671875 0.19453125 0.03828125
6 0.684375 0.19296875 0.0640625 0.02890625
6 0.56484375 0.3140625 0.06484375 0.03671875
6 0.575 0.2421875 0.07890625 0.03671875
6 0.315625 0.39609375 0.11796875 0.03984375
6 0.3171875 0.31640625 0.1140625 0.0453125
6 0.31796875 0.24453125 0.115625 0.03828125
6 0.31171875 0.19140625 0.109375 0.0375
1 0.11640625 0.93515625 0.2125 0.05703125
1 0.115625 0.88125 0.2125 0.05546875
1 0.115625 0.8234375 0.2109375 0.0578125
1 0.11640625 0.76875 0.21015625 0.05625
1 0.11640625 0.71875 0.21015625 0.053125
1 0.11640625 0.659375 0.21171875 0.053125
1 0.115625 0.60078125 0.21484375 0.05625
1 0.115625 0.5453125 0.21484375 0.05859375
1 0.11484375 0.49140625 0.2125 0.05234375
1 0.115625 0.4359375 0.2078125 0.05546875
1 0.11640625 0.38359375 0.209375 0.05
1 0.1171875 0.328125 0.21328125 0.053125
1 0.1171875 0.26484375 0.2109375 0.06953125
10 0.59296875 0.9640625 0.73828125 0.04765625
10 0.97265625 0.55859375 0.03828125 0.7828125
1 0.8375 0.40390625 0.1203125 0.05859375
1 0.70859375 0.40390625 0.1203125 0.05234375
9 0.66796875 0.2875 0.021875 0.0359375
9 0.66953125 0.23515625 0.0265625 0.03515625
5 0.4546875 0.3109375 0.13984375 0.05625
5 0.45546875 0.2390625 0.14140625 0.0578125
5 0.12109375 0.20703125 0.2109375 0.05859375
1 0.9734375 0.028125 0.03671875 0.0421875
1 0.93671875 0.0265625 0.0296875 0.04296875
1 0.90703125 0.02578125 0.034375 0.04609375
4 0.02421875 0.02890625 0.040625 0.04453125
7 0.50078125 0.1125 0.99765625 0.1171875