12 0.5 0.15390625 1 0.13828125
2 0.75546875 0.26796875 0.05234375 0.03203125
2 0.75546875 0.30234375 0.05859375 0.028125
2 0.32578125 0.26875 0.05078125 0.0296875
2 0.325 0.30234375 0.05234375 0.0328125
2 0.32421875 0.3359375 0.05546875 0.03359375
2 0.325 0.3671875 0.05625 0.03125
2 0.32578125 0.4015625 0.0546875 0.034375
2 0.32265625 0.47890625 0.05234375 0.03203125
2 0.32421875 0.51328125 0.05859375 0.03359375
2 0.32421875 0.54765625 0.05859375 0.0328125
2 0.3234375 0.6234375 0.05078125 0.0359375
2 0.325 0.6578125 0.05703125 0.03515625
2 0.325 0.69140625 0.05390625 0.03671875
13 0.7515625 0.7953125 0.271875 0.04609375
3 0.5296875 0.83671875 0.41796875 0.05078125
1 0.74453125 0.91484375 0.23828125 0.05078125
1 0.94296875 0.91484375 0.1140625 0.0484375
6 0.43046875 0.8015625 0.2734375 0.0234375
6 0.153125 0.76953125 0.30546875 0.0234375
6 0.11484375 0.80234375 0.2296875 0.0234375
6 0.07109375 0.8390625 0.1421875 0.03125
6 0.24453125 0.84296875 0.11796875 0.02578125
6 0.44609375 0.48125 0.18671875 0.02890625
6 0.4984375 0.5171875 0.284375 0.028125
6 0.378125 0.54609375 0.0484375 0.02109375
6 0.6765625 0.62265625 0.646875 0.025
6 0.6765625 0.65859375 0.646875 0.0234375
6 0.58203125 0.69375 0.45859375 0.0296875
1 0.921875 0.8390625 0.15625 0.04453125
6 0.11640625 0.6921875 0.2328125 0.02890625
6 0.10703125 0.6578125 0.21328125 0.0296875
6 0.0609375 0.6265625 0.12109375 0.03359375
6 0.17421875 0.5859375 0.3484375 0.028125
6 0.1234375 0.55 0.246875 0.02890625
6 0.0515625 0.51796875 0.10234375 0.0359375
6 0.11015625 0.48359375 0.2203125 0.03359375
6 0.08046875 0.44765625 0.1609375 0.0265625
6 0.0875 0.403125 0.175 0.034375
6 0.0703125 0.36875 0.140625 0.0296875
6 0.0734375 0.3359375 0.146875 0.028125
6 0.0640625 0.3 0.128125 0.03359375
6 0.128125 0.2640625 0.25625 0.028125
6 0.44375 0.26796875 0.18203125 0.028125
6 0.46796875 0.30078125 0.234375 0.03359375
6 0.50859375 0.3375 0.31171875 0.0328125
6 0.48515625 0.36875 0.26953125 0.03515625
6 0.51171875 0.40390625 0.321875 0.03671875
6 0.89140625 0.26796875 0.2171875 0.028125
6 0.8921875 0.30390625 0.21484375 0.02265625
6 0.8640625 0.33203125 0.271875 0.025
1 0.8640625 0.36953125 0.271875 0.04296875