10 0.671875 0.19453125 0.18125 0.0375
10 0.484375 0.19609375 0.17578125 0.040625
10 0.24453125 0.93046875 0.209375 0.02890625
10 0.24453125 0.80625 0.209375 0.04140625
10 0.24296875 0.68359375 0.20859375 0.0453125
10 0.24453125 0.5546875 0.2078125 0.0421875
10 0.24375 0.43125 0.2046875 0.0390625
10 0.24453125 0.30390625 0.21015625 0.0484375
12 0.4234375 0.07578125 0.5265625 0.0703125
1 0.37890625 0.90234375 0.04921875 0.07890625
1 0.37578125 0.7796875 0.04609375 0.0765625
1 0.37578125 0.65859375 0.04609375 0.078125
1 0.3765625 0.5234375 0.04921875 0.08671875
1 0.37265625 0.40703125 0.0453125 0.07578125
1 0.10859375 0.90078125 0.0484375 0.07421875
1 0.1109375 0.78125 0.04609375 0.0859375
1 0.11015625 0.66328125 0.05 0.1046875
1 0.1140625 0.53203125 0.046875 0.0890625
1 0.11171875 0.40234375 0.0484375 0.0703125
1 0.109375 0.27734375 0.046875 0.065625
1 0.37578125 0.27734375 0.0453125 0.06640625
1 0.6109375 0.75234375 0.11953125 0.11328125
1 0.71640625 0.62265625 0.10234375 0.115625
1 0.61484375 0.528125 0.09453125 0.09140625
1 0.51171875 0.6109375 0.09140625 0.1578125
1 0.5109375 0.3734375 0.096875 0.15625
1 0.71328125 0.37734375 0.08984375 0.1671875
1 0.33984375 0.17109375 0.109375 0.06171875
1 0.2421875 0.1703125 0.09140625 0.06015625
1 0.15703125 0.175 0.09609375 0.0453125