5 0.78125 0.31171875 0.15625 0.0421875
5 0.5109375 0.3609375 0.23359375 0.053125
5 0.51328125 0.43515625 0.2296875 0.046875
5 0.5109375 0.51328125 0.23046875 0.0453125
5 0.2734375 0.35390625 0.096875 0.046875
5 0.2734375 0.4421875 0.10078125 0.04140625
5 0.2734375 0.521875 0.1015625 0.04609375
5 0.1453125 0.3609375 0.1203125 0.05
5 0.13515625 0.44609375 0.09921875 0.04140625
5 0.140625 0.51796875 0.11328125 0.046875
5 0.33359375 0.64140625 0.5171875 0.17421875
5 0.4484375 0.27578125 0.10234375 0.04609375
13 0.271875 0.284375 0.10078125 0.0546875
13 0.70078125 0.51328125 0.09921875 0.040625
13 0.7015625 0.59609375 0.09765625 0.04765625
13 0.7015625 0.6765625 0.1 0.05
5 0.140625 0.2796875 0.11015625 0.0453125
3 0.70234375 0.43671875 0.09921875 0.04609375
3 0.11328125 0.8171875 0.08671875 0.04921875
3 0.21875 0.81640625 0.0875 0.0484375
9 0.70390625 0.36015625 0.02578125 0.03203125
9 0.09765625 0.13203125 0.02265625 0.0328125
9 0.09765625 0.16875 0.0203125 0.03125
9 0.30546875 0.7921875 0.02109375 0.03203125
9 0.30703125 0.84140625 0.021875 0.0359375
9 0.30546875 0.88515625 0.02421875 0.03515625
9 0.45703125 0.79296875 0.0234375 0.03671875
9 0.45625 0.840625 0.02265625 0.0359375
9 0.4578125 0.8875 0.0265625 0.03671875
9 0.60703125 0.78515625 0.01953125 0.03046875
9 0.60703125 0.8203125 0.021875 0.03515625
9 0.60703125 0.8609375 0.02109375 0.034375
9 0.60703125 0.896875 0.01953125 0.03515625
9 0.7921875 0.7859375 0.02265625 0.0296875
9 0.79375 0.82109375 0.01953125 0.034375
9 0.79375 0.85859375 0.021875 0.034375
9 0.79375 0.89453125 0.0234375 0.03203125
1 0.66015625 0.31171875 0.03125 0.04609375
1 0.68828125 0.3109375 0.02421875 0.0421875
1 0.871875 0.3125 0.0234375 0.04375
1 0.90078125 0.31171875 0.03203125 0.04296875
1 0.40703125 0.11875 0.1109375 0.0515625
1 0.52265625 0.11796875 0.10859375 0.053125
1 0.40625 0.175 0.11015625 0.0515625
1 0.5234375 0.175 0.10625 0.05390625
1 0.9421875 0.05625 0.025 0.02421875
1 0.9140625 0.05625 0.0234375 0.02421875
1 0.88984375 0.05625 0.02109375 0.02734375
1 0.86015625 0.05625 0.0296875 0.02578125
4 0.078125 0.0546875 0.03671875 0.0296875
6 0.20546875 0.05703125 0.20625 0.025
6 0.13515625 0.096875 0.09921875 0.02890625
6 0.190625 0.13046875 0.15546875 0.0328125
6 0.2078125 0.16640625 0.19296875 0.0375
6 0.16015625 0.2171875 0.14609375 0.03671875
6 0.10078125 0.2453125 0.03515625 0.01640625
6 0.10859375 0.32265625 0.05234375 0.0203125
6 0.12109375 0.40859375 0.08046875 0.025
6 0.13515625 0.4828125 0.103125 0.01796875
6 0.284375 0.2484375 0.12578125 0.02109375
6 0.29140625 0.3234375 0.1390625 0.02421875
6 0.28046875 0.40703125 0.12734375 0.02578125
6 0.28671875 0.48515625 0.1234375 0.0265625
6 0.45390625 0.23046875 0.13125 0.0265625
6 0.42265625 0.32109375 0.0453125 0.02578125
6 0.42578125 0.40078125 0.05546875 0.01875
6 0.4265625 0.47421875 0.065625 0.025
6 0.6640625 0.35703125 0.0234375 0.0296875
6 0.678125 0.40234375 0.05859375 0.0265625
6 0.6765625 0.47734375 0.05 0.03046875
6 0.68828125 0.5609375 0.071875 0.02109375
6 0.69921875 0.63671875 0.09140625 0.0203125
6 0.1078125 0.7734375 0.071875 0.03515625
6 0.23125 0.77265625 0.1078125 0.03125
6 0.31796875 0.7546875 0.04375 0.03046875
6 0.34375 0.79453125 0.0453125 0.03515625
6 0.346875 0.8421875 0.05078125 0.03515625
6 0.34375 0.88828125 0.046875 0.0390625
6 0.4828125 0.75546875 0.08046875 0.02890625
6 0.5046875 0.79453125 0.0625 0.03203125
6 0.4984375 0.84140625 0.05 0.0359375
6 0.50625 0.8859375 0.0640625 0.03359375
6 0.6640625 0.7578125 0.1328125 0.028125
6 0.6421875 0.7859375 0.040625 0.0296875
6 0.66015625 0.821875 0.0765625 0.03359375
6 0.6578125 0.8625 0.0703125 0.03125
6 0.6421875 0.89765625 0.040625 0.0296875
6 0.83984375 0.753125 0.11328125 0.0390625
6 0.83046875 0.78359375 0.04375 0.02578125
6 0.8234375 0.82265625 0.03203125 0.03203125
6 0.8515625 0.86171875 0.0890625 0.02890625
6 0.85390625 0.89609375 0.090625 0.03359375