1 0.81484375 0.671875 0.1015625 0.084375
1 0.71953125 0.66953125 0.090625 0.07890625
1 0.61875 0.6703125 0.1125 0.08046875
1 0.80546875 0.5875 0.11484375 0.08515625
1 0.7078125 0.5859375 0.08125 0.0796875
1 0.621875 0.58515625 0.090625 0.08515625
1 0.40859375 0.628125 0.1140625 0.0953125
1 0.29296875 0.63203125 0.1109375 0.1
1 0.17109375 0.628125 0.11484375 0.09921875
11 0.83046875 0.296875 0.0765625 0.08046875
11 0.7453125 0.29453125 0.07265625 0.07890625
9 0.54609375 0.29921875 0.0546875 0.0890625
9 0.46171875 0.30078125 0.053125 0.08828125
2 0.2640625 0.3015625 0.04765625 0.0734375
2 0.18359375 0.29921875 0.04765625 0.0734375
6 0.8828125 0.9109375 0.11953125 0.0421875
6 0.2890625 0.7796875 0.12734375 0.0453125
6 0.721875 0.77734375 0.18046875 0.040625
6 0.78828125 0.41171875 0.13671875 0.0484375
6 0.50546875 0.409375 0.13125 0.04375
6 0.22109375 0.40859375 0.1171875 0.03828125
6 0.11953125 0.1328125 0.0953125 0.06171875
6 0.14375 0.07890625 0.14375 0.040625