10 0.3078125 0.51328125 0.01953125 0.7859375
1 0.8921875 0.9609375 0.08125 0.0421875
1 0.75390625 0.95703125 0.07109375 0.0390625
1 0.621875 0.96015625 0.13203125 0.0578125
8 0.1171875 0.559375 0.11640625 0.03046875
8 0.12109375 0.5203125 0.1265625 0.034375
8 0.1109375 0.48359375 0.10078125 0.02890625
8 0.1171875 0.44453125 0.11328125 0.02890625
8 0.11640625 0.409375 0.109375 0.02890625
8 0.1296875 0.3734375 0.1453125 0.034375
8 0.11484375 0.29453125 0.12109375 0.03515625
8 0.09765625 0.259375 0.0796875 0.034375
8 0.11015625 0.221875 0.1078125 0.0359375
8 0.1203125 0.18203125 0.125 0.03203125
2 0.3671875 0.18671875 0.02890625 0.03125
6 0.43125 0.22890625 0.15234375 0.025
6 0.5125 0.1859375 0.25859375 0.0296875
6 0.4625 0.14140625 0.24296875 0.0296875
6 0.4546875 0.090625 0.2265625 0.040625
6 0.55390625 0.02734375 0.234375 0.0375
4 0.02265625 0.02265625 0.0328125 0.0453125
5 0.85859375 0.22578125 0.2828125 0.04765625
5 0.1625 0.08515625 0.31796875 0.04765625
3 0.08671875 0.8625 0.146875 0.02890625
3 0.09921875 0.825 0.178125 0.034375
3 0.07421875 0.78828125 0.1328125 0.02734375
3 0.06171875 0.75078125 0.1109375 0.03359375
3 0.05078125 0.709375 0.08828125 0.025
3 0.065625 0.67734375 0.12109375 0.03203125
3 0.10390625 0.6390625 0.1984375 0.034375
3 0.11953125 0.60078125 0.23046875 0.03515625
3 0.51953125 0.35703125 0.34765625 0.06953125
3 0.15078125 0.45 0.28828125 0.25546875
3 0.1515625 0.2171875 0.2859375 0.19765625