4 0.07890625 0.0234375 0.01796875 0.0265625
1 0.896875 0.0234375 0.0140625 0.021875
1 0.91328125 0.0234375 0.01484375 0.0234375
1 0.93125 0.02421875 0.01953125 0.02421875
6 0.82109375 0.815625 0.10078125 0.0265625
6 0.815625 0.765625 0.1 0.03046875
6 0.821875 0.71484375 0.1078125 0.0234375
6 0.8234375 0.6671875 0.1140625 0.021875
6 0.67578125 0.4609375 0.05703125 0.025
6 0.76953125 0.46640625 0.06328125 0.02421875
6 0.7703125 0.3640625 0.06953125 0.0203125
6 0.675 0.36640625 0.05703125 0.02109375
6 0.56171875 0.4578125 0.04375 0.025
6 0.48828125 0.45703125 0.0421875 0.0265625
6 0.41484375 0.4578125 0.04453125 0.0234375
6 0.55703125 0.36328125 0.0390625 0.02421875
6 0.48671875 0.3640625 0.04375 0.021875
6 0.41484375 0.36328125 0.03828125 0.02265625
6 0.23671875 0.50546875 0.1140625 0.02734375
6 0.55703125 0.6765625 0.06015625 0.02421875
6 0.48828125 0.675 0.06328125 0.02265625
6 0.41484375 0.6765625 0.0640625 0.02421875
1 0.19609375 0.68203125 0.084375 0.03671875
1 0.29296875 0.67890625 0.084375 0.034375
1 0.29140625 0.6203125 0.08203125 0.0328125
6 0.48515625 0.63203125 0.0625 0.03984375
6 0.7578125 0.6234375 0.07109375 0.02578125
6 0.72109375 0.3265625 0.09921875 0.0375
6 0.4875 0.32578125 0.1515625 0.04140625
6 0.40859375 0.21328125 0.08671875 0.0203125
6 0.4046875 0.17890625 0.07578125 0.0171875
6 0.40390625 0.15546875 0.08828125 0.0265625
9 0.35625 0.21328125 0.0140625 0.02890625
9 0.35703125 0.1765625 0.015625 0.021875
6 0.221875 0.25546875 0.19765625 0.04453125
6 0.59921875 0.25859375 0.18984375 0.03671875
1 0.228125 0.75625 0.21171875 0.0484375
1 0.4875 0.91484375 0.11171875 0.06484375
1 0.4859375 0.840625 0.11328125 0.0671875
5 0.7515625 0.89765625 0.27265625 0.046875
5 0.68671875 0.8203125 0.13984375 0.0390625
5 0.6859375 0.76953125 0.13828125 0.04140625
5 0.684375 0.71953125 0.13515625 0.03828125
5 0.68359375 0.66640625 0.13671875 0.03671875
5 0.67578125 0.5015625 0.053125 0.04140625
5 0.765625 0.50078125 0.04765625 0.03671875
5 0.76640625 0.40234375 0.04765625 0.04296875
5 0.67421875 0.4015625 0.05234375 0.04140625
5 0.55546875 0.7140625 0.053125 0.04140625
5 0.48515625 0.71171875 0.05 0.04296875
5 0.4125 0.71328125 0.04609375 0.04296875
5 0.5578125 0.49609375 0.04609375 0.040625
5 0.48359375 0.496875 0.04609375 0.03828125
5 0.41171875 0.4953125 0.04296875 0.0390625
5 0.5578125 0.40234375 0.0484375 0.04453125
5 0.4859375 0.40234375 0.05390625 0.046875
5 0.4140625 0.40234375 0.04765625 0.03984375
5 0.2140625 0.62109375 0.0515625 0.04296875
5 0.2140625 0.56171875 0.053125 0.04375
5 0.15234375 0.62265625 0.0515625 0.0484375
5 0.153125 0.5625 0.05 0.04375
5 0.23203125 0.44375 0.2421875 0.06328125
5 0.23203125 0.35859375 0.240625 0.0671875
12 0.3765625 0.1 0.58671875 0.05078125