3 0.56484375 0.6421875 0.23671875 0.27109375
3 0.5609375 0.4375 0.23515625 0.06171875
3 0.559375 0.33359375 0.2328125 0.059375
3 0.55703125 0.23359375 0.23515625 0.0640625
10 0.83203125 0.48671875 0.23359375 0.0484375
11 0.74375 0.2828125 0.04765625 0.05078125
11 0.86171875 0.28203125 0.05078125 0.0484375
10 0.31796875 0.871875 0.4140625 0.03984375
1 0.55234375 0.86953125 0.03125 0.04375
1 0.5953125 0.871875 0.0328125 0.03984375
1 0.63671875 0.871875 0.0390625 0.03984375
1 0.084375 0.87265625 0.0296875 0.0453125
1 0.0796875 0.53671875 0.05 0.0734375
1 0.1234375 0.534375 0.02265625 0.04453125
1 0.165625 0.5375 0.02734375 0.05625
1 0.20703125 0.534375 0.0421875 0.04453125
1 0.15078125 0.359375 0.1578125 0.0640625
1 0.3125 0.359375 0.1484375 0.05546875
1 0.82265625 0.12109375 0.13515625 0.0578125
1 0.91484375 0.1203125 0.03046875 0.04296875
6 0.209375 0.259375 0.27578125 0.0703125
6 0.2171875 0.1234375 0.2359375 0.03515625
4 0.08203125 0.1203125 0.02890625 0.0484375
6 0.2296875 0.6234375 0.31875 0.08359375
6 0.74921875 0.2359375 0.05859375 0.02578125
6 0.7875 0.28359375 0.0328125 0.0375
6 0.90703125 0.28359375 0.0359375 0.0390625
6 0.74765625 0.4328125 0.06875 0.0375
6 0.7421875 0.634375 0.06171875 0.03046875
6 0.8921875 0.63359375 0.05859375 0.03046875
6 0.76640625 0.684375 0.03046875 0.028125
6 0.76953125 0.7484375 0.02890625 0.02734375
6 0.76484375 0.8109375 0.02734375 0.02734375
6 0.765625 0.87109375 0.02734375 0.0296875
6 0.9109375 0.6859375 0.028125 0.0265625
6 0.91171875 0.74921875 0.0265625 0.02890625
6 0.9109375 0.81328125 0.0265625 0.02734375
6 0.91015625 0.8703125 0.028125 0.0265625
9 0.8796875 0.6859375 0.02734375 0.0390625
9 0.8796875 0.746875 0.0265625 0.040625
9 0.878125 0.81171875 0.0265625 0.04296875
9 0.87890625 0.87109375 0.03046875 0.0421875
2 0.73125 0.684375 0.0265625 0.0453125
2 0.73125 0.74765625 0.028125 0.0421875
2 0.73125 0.8109375 0.028125 0.0421875
2 0.73203125 0.87421875 0.02734375 0.040625
8 0.48046875 0.596875 0.05 0.0375
8 0.48203125 0.659375 0.03984375 0.0375
8 0.48125 0.7234375 0.04296875 0.0359375