10 0.97578125 0.43671875 0.0390625 0.52734375
6 0.16171875 0.79765625 0.15 0.0421875
3 0.3671875 0.40390625 0.09609375 0.0359375
6 0.54140625 0.6640625 0.09296875 0.03828125
6 0.53671875 0.55234375 0.075 0.0328125
6 0.54453125 0.4375 0.0921875 0.03984375
6 0.5546875 0.3234375 0.1125 0.03359375
1 0.41484375 0.63125 0.021875 0.0265625
1 0.44609375 0.6328125 0.0203125 0.02265625
1 0.4765625 0.63359375 0.0234375 0.0234375
1 0.4140625 0.51953125 0.025 0.0234375
1 0.4453125 0.5171875 0.021875 0.025
1 0.475 0.51875 0.028125 0.02734375
1 0.43046875 0.40546875 0.0234375 0.0203125
1 0.45390625 0.40390625 0.02421875 0.02265625
1 0.4765625 0.4015625 0.01875 0.02578125
1 0.46484375 0.29296875 0.034375 0.03203125
6 0.321875 0.80078125 0.1078125 0.034375
6 0.32734375 0.0609375 0.33046875 0.04140625
1 0.4984375 0.80078125 0.0234375 0.0265625
2 0.3984375 0.80078125 0.02734375 0.03046875
1 0.20546875 0.5 0.02421875 0.03359375
1 0.1703125 0.5015625 0.03203125 0.03125
12 0.14140625 0.13125 0.178125 0.065625
1 0.128125 0.890625 0.1484375 0.06171875
1 0.32578125 0.890625 0.14609375 0.053125
1 0.75546875 0.89140625 0.1484375 0.059375
1 0.9359375 0.89140625 0.128125 0.059375
1 0.91875 0.73828125 0.13984375 0.0578125
1 0.72890625 0.80078125 0.146875 0.05234375
10 0.7890625 0.51953125 0.04453125 0.5046875
12 0.53515625 0.22109375 0.57265625 0.06015625
6 0.44921875 0.14921875 0.23359375 0.03125
1 0.2828125 0.14375 0.07578125 0.0359375