5 0.1609375 0.16875 0.17109375 0.11015625
5 0.37890625 0.16875 0.17109375 0.11015625
5 0.603125 0.16640625 0.16015625 0.10859375
5 0.16484375 0.49375 0.1703125 0.1046875
5 0.3796875 0.49453125 0.16484375 0.10625
5 0.6328125 0.49921875 0.2203125 0.11640625
6 0.5 0.89140625 1 0.21640625
6 0.78125 0.0984375 0.10859375 0.0203125
11 0.79609375 0.1484375 0.11484375 0.04921875
1 0.16640625 0.5984375 0.0953125 0.06796875
1 0.16484375 0.66875 0.09296875 0.06875
1 0.38125 0.59453125 0.1015625 0.071875
1 0.38125 0.6640625 0.103125 0.06796875
1 0.603125 0.59765625 0.1640625 0.07109375
1 0.60390625 0.6640625 0.1640625 0.06484375
9 0.721875 0.5984375 0.04921875 0.0546875
9 0.721875 0.66171875 0.05234375 0.0546875
1 0.80234375 0.0296875 0.10390625 0.0453125
1 0.72265625 0.03046875 0.05859375 0.0515625
1 0.66484375 0.0328125 0.06796875 0.04765625
4 0.03671875 0.03828125 0.0453125 0.040625
1 0.60546875 0.25390625 0.0984375 0.06171875
1 0.6046875 0.321875 0.09765625 0.0609375
1 0.446875 0.28203125 0.10234375 0.06875
1 0.33203125 0.278125 0.09921875 0.0703125
1 0.21484375 0.28125 0.09765625 0.06875
1 0.10234375 0.28359375 0.090625 0.06640625