1 0.01171875 0.58359375 0.0234375 0.0390625
1 0.04296875 0.58671875 0.03046875 0.04921875
1 0.07265625 0.58828125 0.03203125 0.0359375
1 0.06171875 0.4921875 0.0828125 0.05078125
1 0.0109375 0.35078125 0.01953125 0.03046875
1 0.04375 0.35625 0.03203125 0.03359375
1 0.0765625 0.35546875 0.02109375 0.040625
1 0.009375 0.01953125 0.01875 0.0296875
1 0.0390625 0.02421875 0.03828125 0.034375
1 0.07265625 0.021875 0.03984375 0.0375
1 0.31796875 0.021875 0.03125 0.02890625
1 0.35078125 0.021875 0.0265625 0.03359375
1 0.384375 0.021875 0.0375 0.03046875
1 0.6359375 0.02109375 0.03046875 0.0359375
1 0.67265625 0.0234375 0.021875 0.03828125
1 0.7 0.021875 0.03984375 0.03046875
1 0.79453125 0.40625 0.03046875 0.0328125
1 0.82734375 0.40859375 0.0328125 0.0359375
1 0.85859375 0.41171875 0.03828125 0.04296875
1 0.76171875 0.73125 0.03515625 0.03203125
1 0.7984375 0.73046875 0.040625 0.0375
1 0.82890625 0.734375 0.02578125 0.03359375
1 0.67265625 0.62109375 0.13125 0.05390625
1 0.06875 0.653125 0.09609375 0.05
1 0.07421875 0.71015625 0.1078125 0.04453125
1 0.07734375 0.76328125 0.11328125 0.0515625
1 0.378125 0.709375 0.14765625 0.05078125
1 0.35 0.7640625 0.08984375 0.0484375
1 0.36953125 0.81875 0.1265625 0.04609375
1 0.39296875 0.86875 0.1765625 0.05078125
1 0.41484375 0.9234375 0.2203125 0.05
1 0.70390625 0.31875 0.10390625 0.05078125
1 0.9 0.31640625 0.090625 0.04609375
1 0.43984375 0.25546875 0.20546875 0.0390625
10 0.88125 0.47734375 0.16796875 0.04140625
10 0.88046875 0.55546875 0.165625 0.05390625
10 0.88203125 0.64296875 0.16953125 0.04609375
10 0.7875 0.86796875 0.03828125 0.18046875
10 0.8625 0.86953125 0.0546875 0.171875
10 0.9359375 0.87109375 0.0578125 0.17109375
5 0.065625 0.425 0.11171875 0.05546875
5 0.7984375 0.0953125 0.309375 0.04609375
5 0.79921875 0.16328125 0.3109375 0.071875
5 0.79921875 0.240625 0.3109375 0.06640625
9 0.3421875 0.0953125 0.02421875 0.034375
9 0.34375 0.1390625 0.02578125 0.0359375
9 0.34140625 0.1828125 0.0265625 0.03359375
6 0.39375 0.096875 0.07109375 0.028125
6 0.409375 0.13828125 0.103125 0.02734375
6 0.4125 0.18828125 0.109375 0.028125
6 0.4734375 0.0265625 0.13671875 0.025
6 0.8 0.0265625 0.12421875 0.02421875
6 0.928125 0.41171875 0.09453125 0.02734375
6 0.45078125 0.4953125 0.3421875 0.0375
6 0.89609375 0.7375 0.09453125 0.025
6 0.17421875 0.35546875 0.115625 0.0328125
4 0.2203125 0.53203125 0.11640625 0.14453125
9 0.1765625 0.70546875 0.028125 0.0328125
9 0.1765625 0.7578125 0.02578125 0.034375
9 0.1765625 0.80625 0.025 0.03359375
6 0.23046875 0.709375 0.0734375 0.02578125
6 0.21796875 0.75859375 0.0484375 0.0296875
6 0.22265625 0.80859375 0.0609375 0.028125
6 0.1578125 0.025 0.125 0.02109375
9 0.028125 0.09375 0.0296875 0.03359375
9 0.02734375 0.1484375 0.0265625 0.040625
6 0.096875 0.0953125 0.1046875 0.03046875
6 0.10625 0.15234375 0.12265625 0.03515625