4 0.03125 0.02265625 0.0390625 0.04453125
6 0.22734375 0.0265625 0.3453125 0.04375
1 0.7859375 0.01953125 0.0578125 0.03828125
1 0.875 0.02265625 0.03515625 0.04453125
1 0.96875 0.025 0.03828125 0.03984375
1 0.58984375 0.134375 0.1421875 0.1046875
1 0.81328125 0.11640625 0.2734375 0.04921875
1 0.8140625 0.1828125 0.271875 0.05390625
1 0.4171875 0.31796875 0.140625 0.06640625
1 0.12734375 0.31796875 0.1390625 0.06640625
1 0.13125 0.39375 0.13828125 0.0640625
1 0.27421875 0.39375 0.13984375 0.0640625
1 0.415625 0.3953125 0.14453125 0.0609375
1 0.12890625 0.51640625 0.14453125 0.06640625
1 0.27265625 0.51640625 0.14296875 0.06484375
1 0.41484375 0.51640625 0.14375 0.06640625
1 0.8140625 0.24765625 0.27890625 0.053125
1 0.8140625 0.32578125 0.2796875 0.0578125
1 0.8140625 0.39921875 0.27890625 0.05859375
1 0.7734375 0.55234375 0.27890625 0.059375
1 0.1953125 0.62265625 0.27421875 0.053125
1 0.48203125 0.62421875 0.2859375 0.05
1 0.7734375 0.62265625 0.28359375 0.0578125
5 0.37109375 0.16875 0.21171875 0.05
6 0.33515625 0.115625 0.1359375 0.03828125
10 0.64921875 0.753125 0.61015625 0.03359375
10 0.65234375 0.8203125 0.60390625 0.03359375
10 0.65 0.8859375 0.60703125 0.03515625
10 0.65078125 0.9515625 0.60859375 0.0390625
1 0.27265625 0.72578125 0.14296875 0.06640625
1 0.27265625 0.80234375 0.14140625 0.06796875
1 0.2734375 0.88125 0.1421875 0.065625
1 0.27265625 0.9578125 0.1421875 0.065625
1 0.1296875 0.725 0.1421875 0.0640625
1 0.1296875 0.80234375 0.1375 0.065625
1 0.12890625 0.8796875 0.1390625 0.0640625
1 0.12890625 0.96015625 0.1375 0.0640625