6 0.49921875 0.1453125 0.5796875 0.11875
7 0.49765625 0.453125 0.971875 0.0875
5 0.24375 0.3578125 0.1859375 0.0625
1 0.4609375 0.3578125 0.13515625 0.05390625
1 0.63984375 0.35625 0.14765625 0.0546875
1 0.8515625 0.35625 0.02734375 0.04296875
1 0.8921875 0.35859375 0.03203125 0.0359375
1 0.9375 0.359375 0.03125 0.03671875
6 0.09453125 0.3609375 0.09609375 0.05234375
2 0.0625 0.5359375 0.028125 0.0421875
2 0.0609375 0.61640625 0.02578125 0.0328125
2 0.06171875 0.7015625 0.02421875 0.0328125
2 0.0625 0.8703125 0.025 0.0328125
2 0.0609375 0.9515625 0.02421875 0.03203125
2 0.0625 0.78515625 0.025 0.03828125
4 0.11953125 0.534375 0.046875 0.0625
4 0.1203125 0.6203125 0.040625 0.0625
4 0.11953125 0.7015625 0.04296875 0.059375
4 0.11953125 0.784375 0.05 0.06171875
4 0.11953125 0.86484375 0.04765625 0.0703125
4 0.11875 0.95 0.04921875 0.06171875
6 0.21171875 0.53671875 0.121875 0.0359375
6 0.209375 0.621875 0.1078125 0.03203125
6 0.23828125 0.703125 0.16640625 0.03359375
6 0.2078125 0.78828125 0.109375 0.028125
6 0.2234375 0.871875 0.13671875 0.02890625
6 0.20625 0.953125 0.11015625 0.03046875
6 0.43125 0.53984375 0.0875 0.04375
6 0.4328125 0.6234375 0.0921875 0.040625
6 0.4375 0.70625 0.10078125 0.046875
6 0.4359375 0.7875 0.1 0.0359375
6 0.42734375 0.865625 0.0796875 0.03359375
6 0.43359375 0.9515625 0.096875 0.0375
6 0.59921875 0.540625 0.08359375 0.03828125
6 0.58515625 0.6171875 0.0515625 0.03828125
6 0.596875 0.703125 0.07890625 0.03515625
6 0.60078125 0.78828125 0.08671875 0.03515625
6 0.5984375 0.865625 0.07734375 0.03359375
6 0.5984375 0.95546875 0.0734375 0.03984375
6 0.7234375 0.534375 0.04140625 0.04296875
6 0.7234375 0.621875 0.0421875 0.04296875
6 0.71796875 0.70859375 0.04140625 0.0390625
6 0.728125 0.78984375 0.05 0.04609375
6 0.71953125 0.86796875 0.0265625 0.03828125
6 0.721875 0.95078125 0.03125 0.0359375
6 0.87734375 0.53671875 0.10859375 0.0296875
10 0.93984375 0.7546875 0.015625 0.465625
6 0.86015625 0.61875 0.08125 0.0296875
6 0.85546875 0.70078125 0.071875 0.02890625
6 0.87421875 0.7875 0.109375 0.02890625
6 0.85703125 0.87109375 0.075 0.03125
6 0.8625 0.95234375 0.07890625 0.03046875