5 0.87421875 0.37421875 0.2515625 0.08125
12 0.5015625 0.14453125 0.85078125 0.09296875
1 0.9484375 0.0828125 0.040625 0.059375
1 0.98203125 0.084375 0.02421875 0.0609375
1 0.0578125 0.13359375 0.03203125 0.0671875
3 0.44921875 0.37734375 0.509375 0.07578125
1 0.721875 0.37578125 0.03203125 0.07734375
1 0.17890625 0.37421875 0.025 0.06875
1 0.1125 0.3703125 0.03203125 0.05703125
1 0.06328125 0.36875 0.0359375 0.05
1 0.146875 0.3671875 0.0296875 0.0515625
6 0.31171875 0.21796875 0.53046875 0.04921875
3 0.6375 0.725 0.725 0.55
8 0.378125 0.5984375 0.15390625 0.1390625
8 0.38984375 0.75859375 0.17734375 0.13125
8 0.38203125 0.91640625 0.15546875 0.13671875
8 0.7609375 0.59921875 0.1765625 0.14453125
8 0.7359375 0.759375 0.1359375 0.13359375
8 0.75234375 0.9234375 0.16328125 0.15234375
8 0.14453125 0.490625 0.1359375 0.06640625
8 0.146875 0.55703125 0.1265625 0.05625
8 0.134375 0.62265625 0.11015625 0.06171875
8 0.13984375 0.7 0.11875 0.07265625
8 0.16015625 0.75859375 0.15234375 0.0640625
8 0.15703125 0.82578125 0.1625 0.0609375
8 0.1328125 0.8921875 0.10546875 0.071875
8 0.1609375 0.965625 0.159375 0.06875
7 0.5171875 0.33828125 0.965625 0.1890625