1 0.12265625 0.9078125 0.15859375 0.075
6 0.10078125 0.4703125 0.05546875 0.0421875
6 0.10390625 0.40078125 0.0625 0.03984375
6 0.103125 0.325 0.0546875 0.04140625
6 0.10546875 0.25 0.0578125 0.03359375
6 0.10234375 0.17578125 0.0578125 0.034375
4 0.05703125 0.46640625 0.02265625 0.046875
4 0.05546875 0.3921875 0.02265625 0.04296875
4 0.05703125 0.31953125 0.0296875 0.04296875
4 0.05546875 0.246875 0.03359375 0.0390625
4 0.0546875 0.17578125 0.0328125 0.04765625
6 0.3328125 0.7515625 0.046875 0.03359375
6 0.40234375 0.7515625 0.04140625 0.02890625
6 0.47265625 0.75234375 0.03515625 0.0328125
6 0.6671875 0.75078125 0.05234375 0.03203125
6 0.734375 0.75078125 0.0421875 0.03125
6 0.80234375 0.7546875 0.034375 0.03203125
1 0.33203125 0.6765625 0.07109375 0.10625
1 0.4015625 0.67734375 0.0671875 0.109375
1 0.47109375 0.67734375 0.0703125 0.1078125
1 0.665625 0.67734375 0.065625 0.1078125
1 0.73515625 0.678125 0.06953125 0.10859375
1 0.8046875 0.6765625 0.06875 0.1078125
1 0.36640625 0.315625 0.140625 0.2171875
4 0.63515625 0.28203125 0.04921875 0.09765625
4 0.50234375 0.28046875 0.05078125 0.0953125
6 0.3640625 0.584375 0.140625 0.04375
6 0.68671875 0.5765625 0.125 0.0484375
6 0.6359375 0.36171875 0.09921875 0.05859375
6 0.4984375 0.36015625 0.0671875 0.0390625
6 0.33671875 0.16875 0.090625 0.046875
6 0.1375 0.0859375 0.21015625 0.05546875