1 0.365625 0.6828125 0.05859375 0.053125
1 0.36484375 0.62734375 0.05546875 0.0609375
1 0.3640625 0.5625 0.05859375 0.0609375
1 0.365625 0.50390625 0.06328125 0.05859375
1 0.365625 0.44375 0.059375 0.0515625
1 0.36484375 0.38984375 0.0578125 0.06015625
1 0.66171875 0.3265625 0.07578125 0.06640625
1 0.59453125 0.328125 0.0578125 0.0625
1 0.5359375 0.328125 0.05859375 0.0671875
1 0.48046875 0.32890625 0.0578125 0.06171875
1 0.425 0.328125 0.0515625 0.0578125
1 0.36953125 0.32734375 0.06171875 0.05625
1 0.6609375 0.2671875 0.0765625 0.05859375
1 0.59375 0.265625 0.0578125 0.0625
1 0.5359375 0.265625 0.05625 0.05625
1 0.47890625 0.26640625 0.05546875 0.0609375
1 0.421875 0.26875 0.05546875 0.05390625
1 0.3671875 0.26796875 0.05703125 0.0578125
1 0.659375 0.20859375 0.08125 0.06015625
1 0.590625 0.20703125 0.05703125 0.05390625
1 0.53515625 0.2046875 0.053125 0.05859375
1 0.48125 0.20703125 0.059375 0.059375
1 0.42109375 0.2078125 0.06015625 0.0609375
1 0.3640625 0.20859375 0.05078125 0.06328125
1 0.30703125 0.684375 0.059375 0.05
1 0.30859375 0.634375 0.05234375 0.06015625
1 0.3078125 0.5734375 0.0578125 0.06484375
1 0.30625 0.44765625 0.0671875 0.05
1 0.309375 0.50703125 0.05703125 0.0625
1 0.30546875 0.39453125 0.05859375 0.05078125
1 0.30703125 0.3328125 0.0609375 0.07265625
1 0.30703125 0.2734375 0.059375 0.05
1 0.30859375 0.2140625 0.05859375 0.0703125
8 0.15 0.6796875 0.09140625 0.034375
8 0.159375 0.62265625 0.10703125 0.03671875
8 0.1453125 0.56328125 0.06640625 0.034375
8 0.1421875 0.50625 0.0734375 0.0375
8 0.13984375 0.44296875 0.053125 0.04375
8 0.140625 0.38515625 0.06015625 0.028125
8 0.14921875 0.321875 0.09609375 0.0421875
8 0.153125 0.26640625 0.08828125 0.040625
8 0.16171875 0.209375 0.11796875 0.04375
3 0.1859375 0.50390625 0.17890625 0.76484375
6 0.81875 0.53359375 0.0359375 0.0390625
6 0.828125 0.334375 0.0625 0.03125
6 0.9125 0.26875 0.078125 0.06328125
1 0.46328125 0.6453125 0.0875 0.06953125
1 0.4578125 0.48359375 0.08984375 0.06640625
1 0.6328125 0.64375 0.09296875 0.06640625
10 0.5515625 0.56875 0.05234375 0.26328125
1 0.95546875 0.5875 0.0890625 0.0828125
1 0.8578125 0.5890625 0.10703125 0.0796875
1 0.95546875 0.4609375 0.0890625 0.071875
1 0.85703125 0.459375 0.11015625 0.0703125
1 0.9546875 0.3890625 0.08984375 0.06328125
1 0.85859375 0.38828125 0.10390625 0.06796875
1 0.834375 0.2671875 0.06015625 0.06875
1 0.97890625 0.26796875 0.0421875 0.0734375
1 0.97734375 0.0921875 0.0453125 0.046875
1 0.9265625 0.09375 0.04140625 0.04375
1 0.88046875 0.09609375 0.03203125 0.0421875
1 0.83359375 0.09453125 0.0375 0.0421875
1 0.11796875 0.09296875 0.03359375 0.05078125