1 0.50859375 0.12265625 0.91328125 0.09296875
1 0.3578125 0.203125 0.37578125 0.03125
4 0.14140625 0.203125 0.05 0.04453125
1 0.75625 0.20390625 0.028125 0.03125
1 0.7859375 0.20234375 0.02890625 0.0359375
1 0.81796875 0.203125 0.0328125 0.03515625
10 0.296875 0.415625 0.275 0.05078125
3 0.2703125 0.61796875 0.21953125 0.05078125
5 0.26953125 0.51640625 0.21953125 0.04765625
5 0.23515625 0.7140625 0.07734375 0.0328125
1 0.17734375 0.7109375 0.0328125 0.0390625
1 0.29453125 0.7140625 0.03046875 0.0375
0 0.271875 0.8140625 0.23359375 0.040625
3 0.259375 0.31484375 0.19921875 0.04921875
2 0.52890625 0.31484375 0.025 0.0328125
2 0.52890625 0.34140625 0.02578125 0.02578125
2 0.5296875 0.3671875 0.025 0.02265625
2 0.5296875 0.3890625 0.02421875 0.021875
2 0.528125 0.41484375 0.025 0.028125
2 0.5265625 0.44296875 0.02734375 0.02421875
2 0.5296875 0.46875 0.025 0.02265625
2 0.53046875 0.49453125 0.02578125 0.02109375
6 0.5765625 0.26875 0.13828125 0.03359375
6 0.57421875 0.31015625 0.06875 0.034375
6 0.5765625 0.33828125 0.0703125 0.02421875
6 0.57734375 0.36484375 0.065625 0.02421875
6 0.5734375 0.38671875 0.06484375 0.02890625
6 0.57578125 0.41484375 0.06953125 0.028125
6 0.57578125 0.4421875 0.065625 0.02265625
6 0.575 0.4703125 0.065625 0.0203125
6 0.57734375 0.49375 0.06328125 0.02421875
2 0.56328125 0.59921875 0.025 0.0234375
2 0.56484375 0.6328125 0.028125 0.03125
2 0.56484375 0.6640625 0.02578125 0.03046875
2 0.565625 0.69375 0.02578125 0.03125
2 0.56328125 0.728125 0.025 0.02734375
2 0.59765625 0.759375 0.021875 0.02734375
2 0.63203125 0.79296875 0.02734375 0.028125
2 0.5640625 0.8234375 0.02734375 0.02890625
6 0.28515625 0.271875 0.25703125 0.03671875
6 0.2359375 0.375 0.15546875 0.0328125
6 0.24921875 0.471875 0.18515625 0.0328125
6 0.30078125 0.56875 0.2828125 0.0359375
6 0.30625 0.678125 0.29375 0.034375
6 0.26796875 0.77421875 0.2171875 0.0328125
6 0.6 0.5578125 0.17421875 0.03203125
6 0.60859375 0.6 0.059375 0.02421875
6 0.6078125 0.63203125 0.05703125 0.028125
6 0.609375 0.66484375 0.059375 0.02578125
6 0.61015625 0.6953125 0.0578125 0.025
6 0.609375 0.72734375 0.0609375 0.02734375
6 0.6484375 0.7578125 0.07109375 0.021875
6 0.69296875 0.7921875 0.090625 0.021875
6 0.609375 0.82109375 0.05703125 0.02421875