7 0.5 0.96953125 1 0.0609375
1 0.17734375 0.315625 0.09609375 0.140625
1 0.17890625 0.45078125 0.0984375 0.1390625
1 0.17890625 0.58671875 0.09921875 0.13984375
1 0.275 0.4515625 0.0984375 0.13984375
1 0.27421875 0.590625 0.0984375 0.1375
1 0.37109375 0.45 0.1 0.13671875
1 0.3703125 0.590625 0.09921875 0.1421875
1 0.325 0.31328125 0.1953125 0.14453125
1 0.478125 0.31328125 0.096875 0.1359375
1 0.4765625 0.45390625 0.09765625 0.13828125
1 0.47734375 0.5875 0.0984375 0.14375
1 0.57421875 0.59140625 0.096875 0.13671875
1 0.66875 0.59140625 0.0984375 0.140625
1 0.62109375 0.4515625 0.19609375 0.1359375
1 0.57265625 0.3125 0.096875 0.14375
1 0.66953125 0.3125 0.09921875 0.14375
1 0.88125 0.815625 0.08359375 0.0859375
1 0.88125 0.90078125 0.08203125 0.07734375
1 0.959375 0.81640625 0.0734375 0.08671875
1 0.96015625 0.9 0.07265625 0.07578125
6 0.17265625 0.2203125 0.078125 0.0359375
6 0.47421875 0.221875 0.096875 0.0328125
6 0.9140625 0.02265625 0.1390625 0.040625