1 0.384375 0.82265625 0.06640625 0.04609375
1 0.44921875 0.82265625 0.06640625 0.046875
1 0.44765625 0.77578125 0.0640625 0.046875
1 0.3828125 0.77578125 0.065625 0.04765625
1 0.29296875 0.81796875 0.05390625 0.03984375
1 0.31953125 0.775 0.053125 0.04140625
1 0.26875 0.775 0.05 0.04453125
10 0.38359375 0.7328125 0.05 0.03203125
1 0.29296875 0.734375 0.05078125 0.04296875
10 0.259375 0.9046875 0.03046875 0.025
10 0.39296875 0.896875 0.04921875 0.02421875
9 0.42421875 0.8640625 0.01640625 0.02265625
9 0.36796875 0.86640625 0.0140625 0.025
9 0.3078125 0.8640625 0.01328125 0.02421875
9 0.24921875 0.8671875 0.0109375 0.02890625
1 0.47109375 0.0796875 0.08203125 0.04375
8 0.08984375 0.4359375 0.15546875 0.01640625
8 0.09140625 0.41484375 0.1578125 0.025
8 0.059375 0.39609375 0.0921875 0.02109375
8 0.06171875 0.371875 0.096875 0.0203125
8 0.05 0.3515625 0.0734375 0.01875
8 0.1015625 0.328125 0.1796875 0.0265625
8 0.07265625 0.3078125 0.12265625 0.0265625
8 0.07265625 0.28671875 0.12109375 0.02578125
8 0.1015625 0.2609375 0.17734375 0.02421875
8 0.07421875 0.2359375 0.12421875 0.0328125
1 0.7875 0.54765625 0.01953125 0.04296875
1 0.8109375 0.54765625 0.0265625 0.04609375
1 0.8359375 0.54921875 0.02421875 0.04609375
1 0.85703125 0.5453125 0.02890625 0.0453125
1 0.88671875 0.54609375 0.02734375 0.04609375
1 0.9109375 0.54765625 0.02265625 0.03671875
1 0.93515625 0.54765625 0.0234375 0.0390625
1 0.96328125 0.5453125 0.0296875 0.040625
1 0.4546875 0.35234375 0.07734375 0.0546875
1 0.38046875 0.3515625 0.0734375 0.05859375
1 0.303125 0.35234375 0.08046875 0.05390625
8 0.79296875 0.42265625 0.02421875 0.0203125
8 0.79296875 0.4 0.0234375 0.02109375
8 0.80625 0.37734375 0.05234375 0.021875
8 0.8078125 0.3546875 0.0515625 0.0234375
8 0.7921875 0.334375 0.02265625 0.01875
8 0.79140625 0.31171875 0.0203125 0.021875
8 0.79140625 0.28828125 0.0203125 0.021875
8 0.79140625 0.26796875 0.02109375 0.01796875
8 0.81015625 0.2453125 0.05625 0.01875
8 0.81015625 0.22421875 0.05546875 0.02109375
8 0.809375 0.2015625 0.05546875 0.021875
8 0.80859375 0.17890625 0.05703125 0.0203125
8 0.809375 0.1578125 0.05625 0.0203125
8 0.80859375 0.13515625 0.05859375 0.01875
1 0.93125 0.03125 0.01875 0.03046875
1 0.94921875 0.03359375 0.015625 0.02578125
1 0.975 0.03359375 0.0359375 0.02265625
1 0.946875 0.29609375 0.07890625 0.040625
1 0.946875 0.25625 0.07890625 0.03671875
1 0.96640625 0.1953125 0.040625 0.03203125
1 0.9265625 0.1953125 0.03828125 0.03203125
1 0.946875 0.16171875 0.0796875 0.0328125
2 0.7875 0.48203125 0.015625 0.03203125
1 0.73125 0.79296875 0.04453125 0.0484375
1 0.68671875 0.79453125 0.04375 0.0484375
1 0.73125 0.7484375 0.0453125 0.0421875
1 0.68671875 0.7484375 0.04375 0.0421875
1 0.61640625 0.81484375 0.04453125 0.04296875
1 0.6390625 0.775 0.04296875 0.040625
1 0.59453125 0.77109375 0.0453125 0.04453125
1 0.6171875 0.73203125 0.046875 0.046875
9 0.928125 0.7015625 0.0125 0.02890625
9 0.88515625 0.7 0.01328125 0.02734375
9 0.8390625 0.7015625 0.015625 0.03359375
9 0.78671875 0.7 0.015625 0.03125
1 0.953125 0.765625 0.05703125 0.0484375
1 0.9 0.76328125 0.05 0.04375
1 0.8578125 0.76484375 0.03359375 0.040625
1 0.82578125 0.765625 0.03515625 0.04375
1 0.790625 0.76484375 0.03359375 0.03515625
1 0.1125 0.52734375 0.20625 0.04765625
1 0.1109375 0.6390625 0.203125 0.05078125
1 0.11171875 0.5875 0.20390625 0.05390625
3 0.421875 0.92890625 0.11484375 0.0359375
3 0.321875 0.90546875 0.08125 0.03828125
2 0.91484375 0.22421875 0.01328125 0.0265625
2 0.91640625 0.128125 0.0140625 0.02734375
1 0.946875 0.0828125 0.07265625 0.04140625
1 0.88046875 0.08515625 0.07265625 0.04296875
1 0.81015625 0.084375 0.071875 0.0484375
1 0.72109375 0.07734375 0.10234375 0.05078125
3 0.5984375 0.0765625 0.1453125 0.04609375
3 0.36875 0.0734375 0.121875 0.04375
1 0.26484375 0.07890625 0.08359375 0.046875
1 0.1796875 0.08671875 0.071875 0.05
1 0.1109375 0.08515625 0.07109375 0.0546875
1 0.040625 0.084375 0.07109375 0.04921875
10 0.203125 0.3421875 0.01953125 0.2421875