7 0.4234375 0.271875 0.84609375 0.178125
3 0.32421875 0.396875 0.4828125 0.04453125
5 0.72421875 0.39921875 0.23125 0.04140625
1 0.5796875 0.39765625 0.028125 0.0390625
1 0.0640625 0.40078125 0.02265625 0.0421875
1 0.03671875 0.39921875 0.02265625 0.04140625
10 0.12265625 0.6484375 0.028125 0.43046875
10 0.84375 0.6453125 0.01875 0.440625
1 0.828125 0.15625 0.0546875 0.034375
1 0.79140625 0.15625 0.02578125 0.034375
1 0.75859375 0.15703125 0.028125 0.040625
4 0.1859375 0.478125 0.05 0.0859375
4 0.2765625 0.48046875 0.06328125 0.090625
4 0.36015625 0.478125 0.05859375 0.08984375
4 0.4515625 0.4796875 0.075 0.096875
4 0.53203125 0.4796875 0.0609375 0.08828125
4 0.6171875 0.478125 0.046875 0.08125
4 0.70078125 0.48203125 0.05078125 0.08515625
4 0.7875 0.47890625 0.0515625 0.08671875
4 0.1953125 0.6203125 0.06328125 0.084375
4 0.278125 0.61640625 0.059375 0.0921875
4 0.3640625 0.61328125 0.05859375 0.0859375
4 0.4421875 0.6109375 0.06484375 0.08515625
4 0.5328125 0.62734375 0.06875 0.10234375
4 0.615625 0.62578125 0.06875 0.071875
4 0.70703125 0.6265625 0.059375 0.0609375
4 0.790625 0.6265625 0.0578125 0.05703125
4 0.1921875 0.7734375 0.059375 0.08828125
4 0.275 0.78046875 0.05078125 0.0640625
4 0.35859375 0.77890625 0.04921875 0.07578125
4 0.4515625 0.7703125 0.0640625 0.08984375
4 0.534375 0.77109375 0.0640625 0.084375
4 0.6171875 0.77109375 0.05859375 0.08359375
4 0.70234375 0.77890625 0.0625 0.071875
4 0.78984375 0.77421875 0.04921875 0.07421875
6 0.1125 0.07421875 0.22421875 0.0421875
6 0.06484375 0.01953125 0.1296875 0.0390625
6 0.45 0.07734375 0.0984375 0.05078125
6 0.79453125 0.0765625 0.31015625 0.06015625
6 0.94296875 0.2078125 0.09296875 0.0453125
6 0.93125 0.253125 0.078125 0.04296875
6 0.93515625 0.340625 0.0875 0.06875
6 0.946875 0.61015625 0.10625 0.0609375
6 0.03125 0.459375 0.0625 0.0375
6 0.03515625 0.496875 0.0671875 0.02578125
6 0.04296875 0.52421875 0.0859375 0.0390625
6 0.0484375 0.56484375 0.096875 0.0359375
6 0.03203125 0.63203125 0.06328125 0.03046875
6 0.04453125 0.665625 0.0890625 0.028125
6 0.03125 0.6984375 0.06171875 0.02578125
6 0.034375 0.73046875 0.0625 0.021875
6 0.03046875 0.77265625 0.0609375 0.03046875
6 0.0234375 0.825 0.046875 0.03671875
6 0.0671875 0.975 0.13359375 0.0390625
6 0.1921875 0.546875 0.06015625 0.046875
6 0.27734375 0.54609375 0.06484375 0.04296875
6 0.36328125 0.53515625 0.04921875 0.015625
6 0.44921875 0.53671875 0.078125 0.01953125
6 0.534375 0.534375 0.06796875 0.02109375
6 0.62109375 0.5484375 0.0515625 0.0546875
6 0.19296875 0.68359375 0.06796875 0.0453125
6 0.278125 0.6828125 0.06953125 0.04921875
6 0.36328125 0.69296875 0.06796875 0.07265625
6 0.44765625 0.66875 0.0671875 0.0296875
6 0.53203125 0.6953125 0.0734375 0.025
6 0.62109375 0.684375 0.0640625 0.04921875
6 0.19296875 0.85234375 0.07734375 0.06953125
6 0.2796875 0.85234375 0.0890625 0.07109375
6 0.3625 0.83515625 0.07578125 0.0421875
6 0.4484375 0.83828125 0.0640625 0.04765625
6 0.53515625 0.83984375 0.0640625 0.05
6 0.61953125 0.83828125 0.0546875 0.0484375
6 0.7046875 0.5375 0.0515625 0.0234375
6 0.78984375 0.53671875 0.046875 0.02890625
6 0.70390625 0.684375 0.06796875 0.05390625
6 0.7890625 0.68125 0.07578125 0.05
6 0.70234375 0.840625 0.07734375 0.0453125
6 0.790625 0.8375 0.07734375 0.05078125