6 0.50390625 0.13125 0.5375 0.03671875
4 0.84765625 0.8578125 0.05859375 0.06953125
4 0.72890625 0.8609375 0.06796875 0.06640625
4 0.61796875 0.86796875 0.053125 0.06015625
4 0.50703125 0.86171875 0.08359375 0.0640625
4 0.38828125 0.8640625 0.06328125 0.0609375
4 0.27421875 0.86015625 0.084375 0.06328125
4 0.15625 0.86328125 0.0703125 0.0671875
4 0.15859375 0.715625 0.06796875 0.0671875
4 0.278125 0.71953125 0.0703125 0.0671875
4 0.38828125 0.715625 0.0734375 0.06171875
4 0.503125 0.715625 0.07421875 0.06875
4 0.62265625 0.71640625 0.0796875 0.059375
4 0.73203125 0.72109375 0.06953125 0.0640625
4 0.85 0.71796875 0.0796875 0.0625
4 0.84296875 0.5703125 0.07421875 0.0734375
4 0.73046875 0.57734375 0.05390625 0.06953125
4 0.6125 0.578125 0.053125 0.06796875
4 0.5015625 0.57734375 0.05859375 0.06484375
4 0.38828125 0.57578125 0.0609375 0.06328125
4 0.27265625 0.57578125 0.0640625 0.06328125
4 0.1546875 0.5734375 0.05234375 0.06875
4 0.15546875 0.434375 0.0609375 0.06875
4 0.26953125 0.4359375 0.0703125 0.0578125
4 0.38828125 0.43125 0.07265625 0.07265625
4 0.50078125 0.43125 0.05703125 0.065625
4 0.6171875 0.43203125 0.05390625 0.06875
4 0.73046875 0.43828125 0.05859375 0.06015625
4 0.84296875 0.43359375 0.05 0.0625
4 0.8421875 0.2921875 0.05546875 0.05390625
4 0.72890625 0.2921875 0.07265625 0.06171875
4 0.5 0.29296875 0.06796875 0.0578125
4 0.61171875 0.29375 0.06484375 0.06171875
6 0.51640625 0.075 0.41796875 0.06015625
4 0.38359375 0.29375 0.0515625 0.0625
4 0.26484375 0.29375 0.0734375 0.065625
4 0.15078125 0.2953125 0.084375 0.07265625