1 0.52109375 0.5703125 0.11484375 0.11171875
1 0.671875 0.7046875 0.1125 0.1109375
1 0.51953125 0.8390625 0.1109375 0.096875
1 0.359375 0.70546875 0.10625 0.11171875
1 0.903125 0.8421875 0.11484375 0.10703125
1 0.90234375 0.56953125 0.10859375 0.10078125
2 0.06015625 0.51171875 0.02734375 0.0296875
5 0.07578125 0.07734375 0.09921875 0.06640625
5 0.91328125 0.08046875 0.17265625 0.06875
5 0.1484375 0.5578125 0.12421875 0.03984375
5 0.1484375 0.6 0.1234375 0.0328125
5 0.1484375 0.64140625 0.12421875 0.040625
5 0.146875 0.6828125 0.12421875 0.034375
5 0.14609375 0.721875 0.12890625 0.03515625
5 0.1453125 0.76328125 0.12890625 0.0421875
6 0.05625 0.55390625 0.02265625 0.02734375
6 0.05546875 0.59609375 0.0203125 0.03046875
6 0.05390625 0.6375 0.021875 0.03046875
6 0.0609375 0.6765625 0.03125 0.02265625
6 0.05625 0.721875 0.034375 0.025
6 0.05625 0.7609375 0.0265625 0.02109375
6 0.12890625 0.51796875 0.103125 0.02265625
6 0.32578125 0.6109375 0.07734375 0.028125
6 0.4953125 0.47265625 0.10703125 0.03515625
6 0.678125 0.6078125 0.0796875 0.03671875
6 0.70703125 0.85546875 0.1140625 0.03671875
6 0.5109375 0.9359375 0.0921875 0.028125
5 0.71953125 0.90078125 0.13203125 0.0359375
6 0.07578125 0.46015625 0.1078125 0.03515625
4 0.12421875 0.8125 0.08359375 0.03515625
6 0.88359375 0.4765625 0.09375 0.03359375
6 0.8953125 0.93671875 0.08828125 0.0328125
4 0.753125 0.41640625 0.1140625 0.0453125
4 0.36171875 0.40390625 0.0890625 0.0328125
6 0.04609375 0.15625 0.08046875 0.0328125
6 0.29296875 0.1359375 0.07578125 0.02890625
6 0.56640625 0.13359375 0.10546875 0.03125
6 0.56875 0.021875 0.0703125 0.0296875
6 0.9015625 0.0234375 0.13984375 0.0328125
6 0.29140625 0.02421875 0.10234375 0.03203125
6 0.07734375 0.0234375 0.12734375 0.0234375
13 0.24765625 0.075 0.18828125 0.04921875
1 0.396875 0.07265625 0.10234375 0.0515625
1 0.57734375 0.0703125 0.21328125 0.03828125
1 0.7390625 0.071875 0.103125 0.04609375
1 0.11953125 0.21328125 0.14765625 0.0359375
1 0.1203125 0.27265625 0.1453125 0.0421875
1 0.11875 0.32734375 0.15 0.04921875
1 0.12109375 0.3828125 0.146875 0.03984375
5 0.3765625 0.19296875 0.1203125 0.04140625
6 0.2890625 0.18828125 0.03046875 0.02578125
6 0.28984375 0.22734375 0.03046875 0.02734375
6 0.2890625 0.26796875 0.03125 0.0265625
6 0.290625 0.31328125 0.02890625 0.02265625
6 0.28984375 0.3515625 0.0234375 0.02265625
5 0.37734375 0.2328125 0.11875 0.03671875
5 0.37734375 0.27265625 0.11875 0.0359375
5 0.3796875 0.31484375 0.115625 0.03984375
5 0.378125 0.35625 0.11796875 0.0375
5 0.5625 0.19140625 0.11796875 0.03984375
5 0.5609375 0.246875 0.1203125 0.03984375
5 0.5625 0.30390625 0.12109375 0.03984375
5 0.56328125 0.35703125 0.11875 0.040625
5 0.6875 0.190625 0.1234375 0.03984375
5 0.6890625 0.246875 0.12265625 0.040625
5 0.68984375 0.30390625 0.121875 0.04140625
5 0.68828125 0.35703125 0.121875 0.03671875
5 0.81796875 0.19375 0.12109375 0.04609375
5 0.81640625 0.2484375 0.121875 0.04296875
5 0.8171875 0.3015625 0.12421875 0.03828125
5 0.81640625 0.35625 0.12265625 0.03984375
5 0.9421875 0.18984375 0.115625 0.0390625
5 0.940625 0.246875 0.11796875 0.0390625
5 0.94140625 0.303125 0.11640625 0.040625
5 0.94140625 0.35625 0.1171875 0.0421875