6 0.078125 0.36015625 0.09453125 0.03359375
6 0.0890625 0.225 0.121875 0.034375
1 0.98125 0.034375 0.03671875 0.04921875
1 0.5421875 0.34140625 0.1609375 0.06640625
1 0.22734375 0.13671875 0.0375 0.046875
1 0.18828125 0.134375 0.03984375 0.04609375
1 0.1484375 0.13828125 0.0375 0.046875
1 0.11171875 0.13828125 0.03671875 0.046875
10 0.0921875 0.9015625 0.1234375 0.06171875
10 0.23046875 0.9078125 0.11640625 0.06171875
11 0.0578125 0.275 0.04296875 0.06875
11 0.059375 0.41328125 0.04609375 0.05703125
10 0.19453125 0.30234375 0.11796875 0.0640625
10 0.21953125 0.3625 0.17578125 0.05234375
10 0.0953125 0.70625 0.15703125 0.16953125
10 0.2484375 0.709375 0.14609375 0.1765625
7 0.503125 0.08828125 0.990625 0.046875