1 0.78046875 0.2515625 0.12109375 0.153125
1 0.2203125 0.25078125 0.10703125 0.14453125
1 0.4078125 0.2515625 0.10390625 0.14140625
1 0.59453125 0.2515625 0.109375 0.153125
4 0.21953125 0.52109375 0.1078125 0.13828125
4 0.41171875 0.52734375 0.12109375 0.15
4 0.59921875 0.52421875 0.11484375 0.14453125
4 0.7765625 0.521875 0.12109375 0.14375
7 0.02890625 0.51328125 0.0578125 0.97265625
5 0.38671875 0.07578125 0.63046875 0.0734375
5 0.4078125 0.8140625 0.03125 0.05234375
7 0.5015625 0.8203125 0.87421875 0.05625
6 0.21953125 0.35 0.11171875 0.0375
6 0.41015625 0.353125 0.13046875 0.0359375
6 0.5953125 0.35078125 0.1015625 0.03984375
6 0.78671875 0.3515625 0.09375 0.0421875
6 0.225 0.621875 0.15 0.03984375
6 0.4078125 0.621875 0.11640625 0.03671875
6 0.596875 0.62265625 0.1140625 0.040625
6 0.78359375 0.62265625 0.1390625 0.0421875
4 0.09609375 0.1515625 0.02578125 0.05
6 0.15546875 0.15078125 0.078125 0.03671875