6 0.146875 0.55859375 0.059375 0.034375
6 0.8796875 0.12265625 0.10390625 0.03828125
6 0.69453125 0.12578125 0.10546875 0.040625
6 0.1484375 0.12734375 0.2796875 0.05625
6 0.10859375 0.33984375 0.18671875 0.03828125
6 0.28359375 0.3375 0.10703125 0.03828125
6 0.2984375 0.55625 0.08203125 0.03828125
6 0.44921875 0.55859375 0.0828125 0.0390625
6 0.5921875 0.55859375 0.071875 0.03828125
6 0.74296875 0.5578125 0.071875 0.03984375
6 0.88828125 0.5546875 0.0828125 0.03671875
6 0.69765625 0.33671875 0.11875 0.04140625
1 0.3734375 0.2328125 0.0640625 0.053125
1 0.4328125 0.17421875 0.06640625 0.059375
1 0.4328125 0.290625 0.06796875 0.0546875
1 0.52421875 0.28828125 0.09609375 0.05546875
1 0.49375 0.23125 0.06640625 0.05078125
1 0.525 0.1734375 0.09609375 0.06015625
1 0.6375 0.26171875 0.0953125 0.0578125
1 0.7890625 0.2609375 0.0953125 0.0578125
1 0.93203125 0.26328125 0.09296875 0.0546875
1 0.63515625 0.1890625 0.0921875 0.053125
1 0.73515625 0.1890625 0.0921875 0.053125
1 0.83359375 0.1890625 0.09296875 0.0515625
1 0.9328125 0.1890625 0.09140625 0.053125
1 0.46171875 0.475 0.10703125 0.06015625
1 0.921875 0.475 0.10859375 0.059375
1 0.921875 0.39609375 0.1109375 0.06171875
1 0.8078125 0.396875 0.1109375 0.06328125
1 0.69140625 0.39609375 0.10859375 0.0640625
1 0.57578125 0.39453125 0.11015625 0.06640625
1 0.46015625 0.3953125 0.1125 0.06796875
1 0.21953125 0.42421875 0.1125 0.0859375
1 0.07578125 0.42421875 0.115625 0.08515625
1 0.05078125 0.59453125 0.1015625 0.08828125
1 0.88828125 0.9390625 0.08828125 0.07421875
1 0.4421875 0.9421875 0.0921875 0.08046875
1 0.29296875 0.94375 0.090625 0.0796875
1 0.146875 0.94375 0.0875 0.07890625
10 0.95 0.73515625 0.0609375 0.32890625
10 0.79765625 0.78125 0.06171875 0.4046875
10 0.64921875 0.78828125 0.0625 0.390625
10 0.50390625 0.7375 0.06015625 0.3046875
10 0.20703125 0.715625 0.0640625 0.36015625
10 0.35390625 0.73125 0.0703125 0.30546875
12 0.5 0.06328125 0.9921875 0.08515625