1 0.775 0.890625 0.13671875 0.05859375
1 0.62734375 0.890625 0.13515625 0.053125
1 0.475 0.88671875 0.13515625 0.059375
6 0.74921875 0.78125 0.0890625 0.03828125
6 0.7296875 0.7203125 0.04765625 0.034375
6 0.49921875 0.13046875 0.45 0.084375
6 0.0484375 0.88828125 0.096875 0.0328125
6 0.03203125 0.83359375 0.0640625 0.04453125
6 0.0515625 0.775 0.10234375 0.0328125
6 0.0265625 0.72265625 0.053125 0.0375
6 0.04453125 0.665625 0.08828125 0.03984375
6 0.05 0.6078125 0.1 0.0375
6 0.05234375 0.55234375 0.10390625 0.0390625
6 0.0421875 0.49296875 0.084375 0.03984375
6 0.04609375 0.4375 0.0921875 0.0375
6 0.05546875 0.38046875 0.1109375 0.0359375
6 0.04140625 0.31953125 0.0828125 0.03828125
6 0.4328125 0.83671875 0.05234375 0.03046875
6 0.43125 0.78203125 0.05078125 0.03671875
6 0.46171875 0.725 0.11328125 0.0390625
6 0.44296875 0.6640625 0.078125 0.0328125
6 0.4453125 0.60703125 0.07578125 0.03671875
6 0.4515625 0.553125 0.090625 0.03359375
6 0.45625 0.49375 0.10234375 0.034375
6 0.4421875 0.43671875 0.075 0.03515625
6 0.4515625 0.37734375 0.09140625 0.03125
6 0.453125 0.32265625 0.090625 0.0375
6 0.775 0.60859375 0.13828125 0.0421875
6 0.759375 0.55 0.10625 0.03671875
6 0.7671875 0.4921875 0.1203125 0.03125
6 0.75859375 0.43515625 0.10390625 0.0359375
6 0.74609375 0.37890625 0.07578125 0.02734375
6 0.75859375 0.32421875 0.1015625 0.03203125
5 0.925 0.315625 0.15 0.053125
5 0.625 0.37578125 0.14609375 0.053125
5 0.625 0.31953125 0.146875 0.0484375
5 0.625 0.60625 0.1390625 0.05078125
5 0.62421875 0.54609375 0.13828125 0.04921875
5 0.92421875 0.54453125 0.1515625 0.04453125
5 0.925 0.49140625 0.15 0.0515625
5 0.925 0.43046875 0.14921875 0.04921875
5 0.925 0.7765625 0.14921875 0.05703125
5 0.775 0.66328125 0.4328125 0.04921875
5 0.625 0.83671875 0.1453125 0.05234375
5 0.625 0.77578125 0.14609375 0.053125
5 0.28828125 0.8890625 0.1859375 0.05546875
5 0.2875 0.775 0.18671875 0.05078125
5 0.2875 0.71953125 0.1859375 0.05234375
5 0.2875 0.6609375 0.18671875 0.046875
5 0.28828125 0.60546875 0.184375 0.04609375
5 0.2875 0.54765625 0.1875 0.0546875
5 0.28828125 0.4875 0.18671875 0.053125
5 0.2875 0.43203125 0.18515625 0.046875
5 0.2875 0.37578125 0.1875 0.05234375
3 0.9265625 0.378125 0.1453125 0.0375
3 0.92578125 0.60625 0.14140625 0.02734375
3 0.92421875 0.721875 0.1453125 0.03515625
3 0.2875 0.834375 0.1921875 0.0328125
3 0.62578125 0.721875 0.13828125 0.03828125
3 0.62421875 0.49453125 0.1390625 0.04140625
3 0.62578125 0.4390625 0.13828125 0.03515625
3 0.2875 0.32265625 0.19296875 0.0375