6 0.86875 0.7015625 0.04140625 0.015625
6 0.88046875 0.6234375 0.05859375 0.01953125
6 0.6546875 0.5453125 0.13828125 0.0203125
6 0.5 0.703125 0.0375 0.02109375
6 0.51171875 0.621875 0.06015625 0.01640625
6 0.52421875 0.546875 0.08203125 0.02421875
6 0.38125 0.703125 0.1125 0.0203125
6 0.3765625 0.62421875 0.10078125 0.01640625
6 0.38359375 0.546875 0.11796875 0.0203125
6 0.40078125 0.8109375 0.1515625 0.02890625
6 0.08671875 0.81328125 0.13359375 0.0296875
6 0.1015625 0.72578125 0.0640625 0.02421875
6 0.0703125 0.69375 0.05078125 0.021875
1 0.98515625 0.01640625 0.025 0.03125
6 0.11484375 0.01953125 0.1640625 0.028125
6 0.86875 0.546875 0.04375 0.01953125
6 0.9203125 0.509375 0.08359375 0.04453125
6 0.821875 0.50703125 0.07265625 0.05078125
6 0.86953125 0.40234375 0.1578125 0.034375
6 0.7921875 0.0734375 0.04765625 0.03515625
6 0.60859375 0.16640625 0.06171875 0.02890625
6 0.621875 0.32890625 0.075 0.025
6 0.665625 0.278125 0.1203125 0.02890625
6 0.76328125 0.24140625 0.115625 0.0234375
6 0.75703125 0.20390625 0.0984375 0.0234375
6 0.63046875 0.23984375 0.053125 0.02265625
6 0.6234375 0.2046875 0.03984375 0.028125
9 0.69453125 0.2421875 0.02109375 0.03046875
9 0.69453125 0.20625 0.02109375 0.03203125
9 0.5921875 0.278125 0.02265625 0.03203125
9 0.59140625 0.23984375 0.02265625 0.0296875
9 0.5921875 0.203125 0.0203125 0.02578125
1 0.92109375 0.23671875 0.13359375 0.05
1 0.921875 0.18828125 0.125 0.04609375
1 0.29921875 0.8109375 0.0234375 0.03203125
1 0.27109375 0.8125 0.02421875 0.034375
1 0.24453125 0.81171875 0.02421875 0.0328125
1 0.2171875 0.81328125 0.028125 0.0296875
1 0.96796875 0.81015625 0.0296875 0.03125
1 0.9390625 0.8109375 0.02578125 0.03359375
1 0.91328125 0.8109375 0.028125 0.0328125
1 0.88515625 0.81328125 0.03125 0.03125
13 0.8265625 0.73984375 0.0625 0.0453125
13 0.82734375 0.6609375 0.0609375 0.0453125
13 0.82578125 0.58046875 0.0671875 0.04765625
3 0.38515625 0.5078125 0.12109375 0.0359375
3 0.3828125 0.4625 0.121875 0.0453125
5 0.6515625 0.9046875 0.66328125 0.153125
5 0.165625 0.9046875 0.303125 0.1484375
5 0.759375 0.33515625 0.15078125 0.046875
5 0.91796875 0.73671875 0.09921875 0.04921875
5 0.91796875 0.66171875 0.09921875 0.04765625
5 0.91796875 0.58125 0.09921875 0.04921875
5 0.67265625 0.73984375 0.17109375 0.04921875
5 0.6734375 0.66171875 0.1703125 0.04375
5 0.6734375 0.584375 0.17265625 0.04921875
5 0.53203125 0.740625 0.09609375 0.04609375
5 0.53203125 0.659375 0.09921875 0.0546875
5 0.5328125 0.58515625 0.0984375 0.04609375
5 0.3828125 0.73984375 0.11875 0.04921875
5 0.38359375 0.6625 0.11484375 0.05
5 0.38515625 0.584375 0.12109375 0.04921875
5 0.5921875 0.1234375 0.7984375 0.04375
5 0.90234375 0.0703125 0.1671875 0.0578125
5 0.46171875 0.071875 0.53203125 0.04140625
2 0.303125 0.6640625 0.0234375 0.034375
2 0.05703125 0.7234375 0.02265625 0.0265625
2 0.0546875 0.60625 0.01953125 0.0265625
2 0.05546875 0.57265625 0.02109375 0.0265625
2 0.17734375 0.609375 0.02265625 0.0265625
2 0.17734375 0.5734375 0.02265625 0.02578125
2 0.17734375 0.4671875 0.02109375 0.025
2 0.17734375 0.43515625 0.01953125 0.0234375
2 0.04375 0.5015625 0.021875 0.028125
2 0.0421875 0.4671875 0.02109375 0.0265625
2 0.04140625 0.4328125 0.01953125 0.02578125
6 0.1 0.57265625 0.06328125 0.0234375
6 0.07109375 0.5421875 0.05078125 0.02265625
6 0.50703125 0.4 0.05703125 0.02578125
6 0.36796875 0.428125 0.0890625 0.0203125
6 0.2484375 0.46796875 0.1171875 0.0234375
6 0.22734375 0.43515625 0.07421875 0.0234375
6 0.1625 0.5046875 0.2140625 0.02890625
6 0.10390625 0.46875 0.09765625 0.0265625
6 0.084375 0.4328125 0.0609375 0.02265625
6 0.065625 0.40234375 0.06328125 0.025
6 0.24140625 0.275 0.12890625 0.03203125
6 0.2484375 0.2421875 0.13828125 0.02734375
6 0.25078125 0.2046875 0.14453125 0.0296875
6 0.44375 0.2421875 0.0765625 0.0265625
6 0.42890625 0.20546875 0.0484375 0.02890625
6 0.40390625 0.165625 0.05625 0.025
6 0.1796875 0.16953125 0.06484375 0.0265625
6 0.14609375 0.1234375 0.0796875 0.02578125
6 0.1375 0.07421875 0.0671875 0.02109375
6 0.05703125 0.165625 0.053125 0.0265625
6 0.084375 0.3125 0.05859375 0.0234375
6 0.0828125 0.27734375 0.0515625 0.03125
6 0.08046875 0.240625 0.04921875 0.0234375
6 0.07734375 0.20703125 0.04296875 0.021875
2 0.39140625 0.24296875 0.02265625 0.02890625
2 0.3921875 0.2046875 0.02109375 0.02734375
2 0.165625 0.31171875 0.02265625 0.02421875
2 0.1640625 0.27734375 0.0234375 0.0265625
2 0.1640625 0.24140625 0.0203125 0.0328125
2 0.1640625 0.20546875 0.02109375 0.025
9 0.04453125 0.34765625 0.0234375 0.0265625
9 0.04296875 0.3109375 0.02109375 0.0265625
9 0.0453125 0.2765625 0.0203125 0.028125
9 0.0453125 0.2390625 0.01796875 0.0265625
9 0.04375 0.203125 0.01953125 0.02421875
4 0.0140625 0.0171875 0.0265625 0.0328125
4 0.05546875 0.0984375 0.07578125 0.10078125