6 0.16875 0.98046875 0.3375 0.0390625
6 0.08828125 0.89296875 0.12578125 0.04765625
6 0.059375 0.8375 0.06640625 0.0375
6 0.06171875 0.7953125 0.0671875 0.04453125
6 0.29453125 0.884375 0.09375 0.0765625
6 0.284375 0.80078125 0.07265625 0.06875
6 0.1296875 0.73515625 0.06640625 0.0296875
6 0.3390625 0.73515625 0.09921875 0.0328125
6 0.4796875 0.5828125 0.13203125 0.0828125
6 0.484375 0.48046875 0.16796875 0.03203125
6 0.31640625 0.52734375 0.0265625 0.0359375
6 0.26796875 0.52578125 0.025 0.0328125
6 0.221875 0.52890625 0.02578125 0.03203125
6 0.17734375 0.52578125 0.0203125 0.03359375
6 0.07578125 0.6921875 0.12734375 0.04140625
6 0.08046875 0.634375 0.10703125 0.0359375
6 0.071875 0.58125 0.0921875 0.034375
6 0.07578125 0.52421875 0.1 0.034375
6 0.1484375 0.47890625 0.27578125 0.0375
6 0.0921875 0.425 0.1265625 0.03984375
6 0.109375 0.375 0.16015625 0.03828125
6 0.11328125 0.31875 0.17265625 0.03515625
6 0.525 0.26328125 0.0453125 0.0375
6 0.4296875 0.26484375 0.04765625 0.04375
6 0.334375 0.26328125 0.03984375 0.04140625
6 0.246875 0.26328125 0.04140625 0.04140625
6 0.078125 0.2671875 0.0921875 0.0421875
6 0.09375 0.06640625 0.1875 0.03359375
6 0.04140625 0.19609375 0.0828125 0.0390625
6 0.678125 0.57734375 0.1171875 0.03828125
6 0.68203125 0.52578125 0.121875 0.040625
6 0.66328125 0.475 0.0875 0.040625
6 0.70234375 0.421875 0.165625 0.040625
6 0.69921875 0.353125 0.1890625 0.03984375
1 0.96171875 0.41953125 0.0765625 0.0546875
5 0.19375 0.89375 0.0828125 0.0453125
5 0.19296875 0.84453125 0.090625 0.04609375
5 0.19296875 0.78984375 0.0859375 0.05078125
5 0.390625 0.87890625 0.08125 0.0515625
5 0.39140625 0.80078125 0.078125 0.0515625
5 0.1734375 0.63671875 0.04453125 0.05078125
5 0.21875 0.6359375 0.0328125 0.05
5 0.2625 0.63828125 0.04140625 0.0453125
5 0.31171875 0.6375 0.04453125 0.0421875
5 0.3109375 0.58359375 0.0453125 0.04765625
5 0.26484375 0.58359375 0.04140625 0.04375
5 0.21875 0.58046875 0.0328125 0.04140625
5 0.1703125 0.58203125 0.0375 0.040625
5 0.246875 0.4265625 0.084375 0.04375
5 0.24921875 0.37734375 0.0828125 0.04609375
5 0.33984375 0.428125 0.08359375 0.0453125
5 0.340625 0.37734375 0.08203125 0.04296875
5 0.43359375 0.37734375 0.08515625 0.04375
5 0.43359375 0.42734375 0.08203125 0.04375
5 0.52265625 0.42578125 0.084375 0.046875
5 0.52421875 0.378125 0.08125 0.040625
5 0.521875 0.321875 0.08125 0.04609375
5 0.4328125 0.3234375 0.08203125 0.04921875
5 0.3421875 0.32265625 0.08359375 0.0453125
5 0.246875 0.31953125 0.0828125 0.04375
1 0.51171875 0.81328125 0.125 0.23984375
1 0.68984375 0.6578125 0.13515625 0.06640625
1 0.83828125 0.6578125 0.1328125 0.06484375
5 0.8640625 0.5828125 0.08359375 0.0453125
5 0.86484375 0.53046875 0.08671875 0.04296875
5 0.86484375 0.475 0.08671875 0.0453125
3 0.85078125 0.41484375 0.11640625 0.05859375
1 0.15625 0.13046875 0.26875 0.0734375
1 0.43359375 0.1296875 0.27421875 0.07109375
12 0.790625 0.08203125 0.4078125 0.0625