5 0.5078125 0.64453125 0.984375 0.6734375
1 0.65390625 0.28671875 0.1734375 0.0375
1 0.434375 0.2875 0.2421875 0.04296875
1 0.23984375 0.28515625 0.1359375 0.0375
1 0.1546875 0.28359375 0.02578125 0.0453125
1 0.12734375 0.28671875 0.02421875 0.04375
1 0.09765625 0.2875 0.02265625 0.0390625
1 0.06640625 0.2859375 0.02734375 0.03671875
1 0.03203125 0.2828125 0.0359375 0.04375
1 0.98125 0.02890625 0.03359375 0.04765625
6 0.81875 0.07421875 0.1375 0.02890625
4 0.8078125 0.1875 0.10625 0.0640625
4 0.02109375 0.0234375 0.0359375 0.046875
6 0.31484375 0.02578125 0.54765625 0.0328125
6 0.584375 0.07734375 0.1296875 0.03203125
6 0.4265625 0.07421875 0.1171875 0.0265625
6 0.184375 0.0765625 0.10859375 0.02734375
6 0.234375 0.10703125 0.20234375 0.028125
2 0.68359375 0.146875 0.025 0.034375
2 0.68203125 0.1140625 0.02890625 0.02890625
2 0.6234375 0.146875 0.02734375 0.03125
2 0.6234375 0.115625 0.028125 0.0328125
2 0.5421875 0.14765625 0.02734375 0.03203125
2 0.54140625 0.11484375 0.028125 0.0328125
1 0.9296875 0.18984375 0.11484375 0.06015625
1 0.9296875 0.12109375 0.11875 0.05859375
1 0.8125 0.12109375 0.11796875 0.06171875
1 0.67734375 0.19453125 0.10078125 0.05078125
1 0.57421875 0.19453125 0.1078125 0.053125
1 0.42734375 0.18828125 0.125 0.0640625
1 0.43046875 0.12578125 0.11796875 0.06328125
1 0.2875 0.171875 0.10078125 0.05859375
1 0.20703125 0.1984375 0.0421875 0.05234375
1 0.20546875 0.14609375 0.04375 0.04375
1 0.15234375 0.19765625 0.04375 0.05625
1 0.15390625 0.14765625 0.0390625 0.0515625
1 0.06328125 0.2109375 0.1078125 0.05
1 0.06328125 0.153125 0.1171875 0.05703125
1 0.0640625 0.0953125 0.10859375 0.0578125