12 0.22734375 0.2265625 0.42734375 0.0546875
6 0.08515625 0.26640625 0.0890625 0.02421875
1 0.95703125 0.01953125 0.078125 0.0390625
1 0.9 0.01640625 0.04375 0.0328125
1 0.85 0.015625 0.05078125 0.03125
3 0.065625 0.08046875 0.09140625 0.03515625
3 0.1625 0.07890625 0.10234375 0.04140625
1 0.28203125 0.07421875 0.14140625 0.05546875
1 0.63125 0.07890625 0.090625 0.04296875
1 0.72109375 0.08046875 0.084375 0.0390625
1 0.82109375 0.08046875 0.1078125 0.03203125
1 0.93515625 0.07734375 0.1125 0.0453125
1 0.80078125 0.9484375 0.0640625 0.06796875
1 0.878125 0.95 0.09296875 0.06015625
1 0.95859375 0.94921875 0.0625 0.0546875
3 0.1265625 0.30859375 0.1453125 0.05
3 0.1265625 0.3640625 0.1453125 0.046875
3 0.12734375 0.4203125 0.14609375 0.05234375
3 0.1265625 0.478125 0.14453125 0.046875
3 0.12734375 0.53359375 0.14453125 0.05078125
3 0.12578125 0.58828125 0.14375 0.04609375
3 0.12734375 0.6453125 0.14375 0.0453125
3 0.12734375 0.70234375 0.14609375 0.04921875
3 0.12578125 0.75703125 0.14609375 0.04765625
3 0.12734375 0.81328125 0.1484375 0.05
3 0.128125 0.8703125 0.14296875 0.05
3 0.128125 0.925 0.14609375 0.05
4 0.13828125 0.1484375 0.21953125 0.0703125
4 0.025 0.02578125 0.03515625 0.04296875
6 0.12109375 0.028125 0.1453125 0.04375
5 0.44375 0.153125 0.215625 0.09765625
5 0.65390625 0.1546875 0.2109375 0.1
5 0.28125 0.309375 0.1375 0.04765625
5 0.28203125 0.36640625 0.1390625 0.0484375
5 0.28125 0.42265625 0.140625 0.04765625
5 0.28125 0.478125 0.140625 0.04609375
5 0.28125 0.53359375 0.14140625 0.0453125
5 0.28125 0.58984375 0.140625 0.04453125
5 0.28125 0.646875 0.1453125 0.04609375
5 0.28125 0.7015625 0.14296875 0.04921875
5 0.28203125 0.75859375 0.1421875 0.04765625
5 0.28125 0.8140625 0.1390625 0.0453125
5 0.28125 0.8703125 0.14296875 0.04609375
5 0.28203125 0.928125 0.1421875 0.04609375
10 0.5296875 0.91171875 0.0703125 0.0921875
5 0.87890625 0.50703125 0.221875 0.8140625