4 0.01171875 0.03359375 0.0234375 0.06640625
6 0.0890625 0.03828125 0.12578125 0.059375
7 0.49296875 0.103125 0.9859375 0.06015625
12 0.171875 0.18203125 0.34375 0.0765625
3 0.34609375 0.2796875 0.69140625 0.0921875
3 0.34453125 0.3765625 0.6890625 0.1
3 0.34453125 0.4765625 0.6890625 0.1
3 0.34609375 0.58515625 0.6921875 0.09609375
10 0.70078125 0.60625 0.0265625 0.7875
3 0.740625 0.2671875 0.0484375 0.0828125
3 0.8953125 0.27421875 0.11015625 0.07734375
10 0.97890625 0.61015625 0.0296875 0.77890625
1 0.95859375 0.0296875 0.0640625 0.059375
1 0.915625 0.034375 0.0265625 0.06640625
1 0.88203125 0.03671875 0.03203125 0.07265625
6 0.7515625 0.3484375 0.03984375 0.053125
6 0.77421875 0.6984375 0.0859375 0.046875
6 0.75234375 0.74765625 0.03671875 0.0421875
6 0.92421875 0.34609375 0.04453125 0.0484375
6 0.93125 0.6984375 0.03046875 0.0421875
6 0.9125 0.74296875 0.065625 0.0421875