5 0.1796875 0.13125 0.1078125 0.0453125
5 0.36875 0.1296875 0.115625 0.046875
5 0.66328125 0.13046875 0.103125 0.04140625
5 0.83125 0.13515625 0.09609375 0.046875
5 0.58046875 0.49609375 0.0609375 0.0359375
5 0.71796875 0.49609375 0.06640625 0.0390625
5 0.6484375 0.5578125 0.19921875 0.0375
5 0.2265625 0.796875 0.41953125 0.3015625
5 0.75234375 0.79375 0.4109375 0.29453125
10 0.44765625 0.7953125 0.02578125 0.29765625
10 0.9703125 0.79375 0.02890625 0.29453125
5 0.196875 0.5625 0.13984375 0.04453125
3 0.0875 0.43359375 0.140625 0.04296875
3 0.08828125 0.496875 0.14453125 0.0484375
1 0.43671875 0.6171875 0.05390625 0.04921875
1 0.32890625 0.56328125 0.10625 0.0484375
1 0.06875 0.56484375 0.1015625 0.0484375
1 0.2515625 0.496875 0.1609375 0.0484375
1 0.25078125 0.4375 0.1640625 0.05078125
1 0.6453125 0.5 0.06640625 0.03984375
1 0.78515625 0.4984375 0.0640625 0.04453125
1 0.78359375 0.56015625 0.065625 0.05
1 0.909375 0.49765625 0.14453125 0.04296875
1 0.90859375 0.5625 0.1484375 0.04453125
1 0.95703125 0.61796875 0.05 0.04375
1 0.07265625 0.19453125 0.109375 0.0484375
1 0.18984375 0.19375 0.09296875 0.05
1 0.309375 0.19453125 0.11953125 0.046875
1 0.43359375 0.1953125 0.09765625 0.0453125
1 0.5484375 0.19765625 0.11328125 0.04375
1 0.6828125 0.19375 0.1265625 0.04609375
1 0.815625 0.1953125 0.1109375 0.04140625
1 0.9375 0.19453125 0.09921875 0.04453125
1 0.934375 0.13515625 0.10078125 0.04296875
1 0.078125 0.2515625 0.12109375 0.05
1 0.23125 0.24921875 0.15859375 0.05
1 0.39453125 0.25234375 0.13671875 0.04453125
1 0.540625 0.2515625 0.12890625 0.04296875
1 0.68359375 0.253125 0.1453125 0.04296875
1 0.8734375 0.253125 0.21015625 0.04296875
1 0.08671875 0.3109375 0.1390625 0.046875
1 0.25390625 0.31328125 0.16328125 0.0484375
1 0.42734375 0.309375 0.1578125 0.04140625
1 0.58984375 0.3109375 0.13671875 0.046875
4 0.01328125 0.02421875 0.01640625 0.02890625
6 0.05078125 0.028125 0.0515625 0.03125
6 0.053125 0.0734375 0.10625 0.02734375
6 0.06875 0.13203125 0.10625 0.03671875
6 0.275 0.13203125 0.075 0.03671875
6 0.5765625 0.1328125 0.065625 0.03515625
6 0.75 0.13359375 0.059375 0.02578125
6 0.50703125 0.49609375 0.07109375 0.0390625
6 0.515625 0.55625 0.05234375 0.03515625
6 0.0625 0.621875 0.09921875 0.03359375
6 0.61171875 0.62421875 0.1359375 0.0359375