1 0.11640625 0.146875 0.2328125 0.0609375
1 0.3859375 0.14765625 0.27734375 0.06875
12 0.771875 0.10546875 0.45625 0.05546875
5 0.19453125 0.33671875 0.08671875 0.046875
5 0.18828125 0.3875 0.09921875 0.04453125
5 0.1921875 0.4390625 0.08671875 0.0421875
5 0.2875 0.3359375 0.08828125 0.0453125
5 0.28984375 0.38828125 0.08828125 0.0453125
5 0.2875 0.43828125 0.0859375 0.0453125
5 0.3828125 0.3375 0.0921875 0.0453125
5 0.3859375 0.3875 0.08984375 0.04609375
5 0.38359375 0.43828125 0.09375 0.0453125
5 0.48046875 0.33671875 0.0875 0.04453125
5 0.4796875 0.38515625 0.09140625 0.0421875
5 0.4796875 0.43828125 0.08359375 0.04609375
5 0.11328125 0.5921875 0.03984375 0.0453125
5 0.1140625 0.64453125 0.03671875 0.04609375
5 0.1640625 0.58984375 0.034375 0.04296875
5 0.16484375 0.64375 0.03515625 0.046875
5 0.21015625 0.59296875 0.0421875 0.04765625
5 0.21015625 0.64296875 0.0359375 0.0421875
5 0.26015625 0.590625 0.03984375 0.0484375
5 0.26015625 0.6453125 0.04296875 0.046875
5 0.13046875 0.80078125 0.08515625 0.05
5 0.13203125 0.85078125 0.08671875 0.04765625
5 0.134375 0.90078125 0.084375 0.046875
5 0.46875 0.82578125 0.1328125 0.2390625
5 0.33984375 0.80546875 0.08671875 0.04765625
5 0.340625 0.88359375 0.0875 0.05546875
5 0.7140625 0.26484375 0.08046875 0.0515625
5 0.715625 0.31796875 0.078125 0.05
5 0.79609375 0.2640625 0.07109375 0.05
5 0.796875 0.31953125 0.078125 0.05390625
5 0.87421875 0.265625 0.07578125 0.053125
5 0.8734375 0.31953125 0.07578125 0.06484375
5 0.9515625 0.26484375 0.084375 0.04296875
5 0.95 0.31875 0.08125 0.06328125
5 0.7140625 0.503125 0.07890625 0.05703125
5 0.7125 0.5546875 0.08203125 0.04921875
5 0.71328125 0.60546875 0.08203125 0.05234375
5 0.7953125 0.50234375 0.0796875 0.05859375
5 0.79453125 0.55703125 0.08046875 0.0515625
5 0.79453125 0.60859375 0.07734375 0.053125
5 0.8734375 0.50546875 0.0765625 0.05859375
5 0.8734375 0.55859375 0.07265625 0.0515625
5 0.875 0.60625 0.08359375 0.0453125
5 0.95390625 0.503125 0.08125 0.0515625
5 0.95234375 0.559375 0.0765625 0.04921875
5 0.9546875 0.6078125 0.07578125 0.03984375
5 0.71328125 0.79375 0.07734375 0.046875
5 0.71484375 0.8484375 0.07734375 0.04609375
5 0.7125 0.8984375 0.07265625 0.05078125
5 0.7953125 0.79765625 0.06875 0.05234375
5 0.7921875 0.85 0.071875 0.04921875
5 0.790625 0.89921875 0.07421875 0.0484375
5 0.8765625 0.8 0.0703125 0.059375
5 0.8734375 0.8515625 0.075 0.05
5 0.8734375 0.8984375 0.07734375 0.04453125
5 0.95390625 0.79921875 0.07890625 0.04921875
5 0.95234375 0.8484375 0.0828125 0.0484375
5 0.95390625 0.8984375 0.0796875 0.05078125
6 0.5765625 0.03125 0.23515625 0.0375
6 0.79453125 0.1640625 0.259375 0.0296875
6 0.7109375 0.2109375 0.0453125 0.03125
6 0.79296875 0.20859375 0.04921875 0.03984375
6 0.87109375 0.20859375 0.05 0.0359375
6 0.95078125 0.20859375 0.046875 0.03515625
6 0.61953125 0.21484375 0.08203125 0.03046875
6 0.6046875 0.26484375 0.06328125 0.028125
6 0.59921875 0.321875 0.0390625 0.03515625
6 0.790625 0.4046875 0.25546875 0.034375
6 0.95078125 0.4484375 0.046875 0.034375
6 0.87109375 0.45078125 0.05625 0.03125
6 0.78984375 0.45 0.059375 0.02890625
6 0.7140625 0.45078125 0.0578125 0.03125
6 0.61875 0.44921875 0.09140625 0.03515625
6 0.60625 0.50546875 0.05 0.03828125
6 0.6015625 0.55625 0.06171875 0.04453125
6 0.603125 0.6078125 0.05703125 0.03671875
6 0.7875 0.69140625 0.27109375 0.040625
6 0.95234375 0.7390625 0.046875 0.03359375
6 0.87109375 0.7375 0.04765625 0.03125
6 0.7953125 0.7375 0.0625 0.03125
6 0.7171875 0.73984375 0.04609375 0.0296875
6 0.61796875 0.7390625 0.08203125 0.03046875
6 0.60703125 0.7921875 0.05078125 0.0390625
6 0.603125 0.84453125 0.04921875 0.0390625
6 0.603125 0.89609375 0.04921875 0.0375
6 0.4375 0.58828125 0.146875 0.084375
6 0.4421875 0.490625 0.17734375 0.04296875
6 0.48046875 0.28046875 0.0484375 0.03359375
6 0.3796875 0.28203125 0.0453125 0.03046875
6 0.28515625 0.28203125 0.065625 0.0328125
6 0.18984375 0.28125 0.05 0.034375
6 0.06484375 0.08359375 0.1296875 0.04375
6 0.028125 0.27734375 0.05625 0.0328125
6 0.07109375 0.3328125 0.14140625 0.0328125
6 0.06328125 0.38515625 0.1265625 0.05390625
6 0.053125 0.4390625 0.10625 0.0390625
6 0.10546875 0.48984375 0.2109375 0.03125
6 0.03359375 0.5359375 0.0671875 0.05
6 0.03046875 0.59140625 0.0609375 0.0421875
6 0.03828125 0.6453125 0.0765625 0.03984375
6 0.11953125 0.53671875 0.03203125 0.0328125
6 0.1671875 0.53515625 0.03203125 0.03359375
6 0.21796875 0.53828125 0.0328125 0.0359375
6 0.27421875 0.5375 0.0375 0.02890625
6 0.14765625 0.98046875 0.2953125 0.0390625