12 0.53984375 0.13359375 0.3640625 0.0671875
1 0.01484375 0.0171875 0.02421875 0.034375
1 0.04140625 0.02265625 0.03046875 0.04453125
1 0.06953125 0.01953125 0.0375 0.03828125
6 0.53125 0.02109375 0.28203125 0.0421875
2 0.1796875 0.21953125 0.025 0.0359375
2 0.31484375 0.21953125 0.02890625 0.04765625
2 0.4515625 0.22265625 0.02578125 0.0375
9 0.82734375 0.8234375 0.02578125 0.04140625
9 0.8265625 0.86796875 0.0265625 0.03984375
1 0.684375 0.77890625 0.18359375 0.0546875
1 0.6828125 0.8453125 0.18671875 0.05703125
13 0.42734375 0.6765625 0.096875 0.0625
13 0.428125 0.7640625 0.103125 0.0625
13 0.42734375 0.85078125 0.1015625 0.06015625
1 0.790625 0.5734375 0.41875 0.26015625
1 0.65703125 0.30390625 0.134375 0.2375
1 0.796875 0.30546875 0.13203125 0.2359375
1 0.934375 0.303125 0.13046875 0.228125
5 0.21875 0.30703125 0.115625 0.08828125
5 0.2171875 0.39296875 0.115625 0.08203125
5 0.21953125 0.4765625 0.10703125 0.075
5 0.35390625 0.309375 0.10625 0.08828125
5 0.35546875 0.3984375 0.10859375 0.07734375
5 0.35078125 0.48125 0.10703125 0.078125
5 0.478125 0.3109375 0.12734375 0.0921875
5 0.475 0.39609375 0.12421875 0.08515625
5 0.478125 0.48046875 0.12734375 0.08671875
6 0.03125 0.0703125 0.0421875 0.04609375
6 0.10234375 0.30703125 0.09921875 0.05625
6 0.09765625 0.3921875 0.12421875 0.04296875
6 0.1015625 0.484375 0.08203125 0.06640625
6 0.234375 0.2140625 0.07890625 0.059375
6 0.375 0.21875 0.08671875 0.05078125
6 0.50703125 0.21953125 0.08203125 0.04765625
6 0.865625 0.8671875 0.04765625 0.03046875
6 0.86875 0.8234375 0.05390625 0.03984375
6 0.91796875 0.76640625 0.09453125 0.0578125
6 0.51640625 0.6828125 0.0640625 0.04453125
6 0.5171875 0.771875 0.06796875 0.05
6 0.5171875 0.8578125 0.0640625 0.03828125
6 0.3203125 0.684375 0.071875 0.06171875
6 0.3203125 0.7703125 0.07109375 0.04921875
6 0.3203125 0.85078125 0.07421875 0.03671875
6 0.20390625 0.68671875 0.071875 0.0609375
6 0.2109375 0.77109375 0.078125 0.046875
6 0.21484375 0.85703125 0.08515625 0.05078125
6 0.09296875 0.678125 0.08203125 0.05625
6 0.09453125 0.771875 0.09296875 0.059375
6 0.10078125 0.85546875 0.10390625 0.05703125
6 0.20703125 0.596875 0.08828125 0.05625
6 0.3203125 0.596875 0.0828125 0.05625
6 0.46484375 0.59921875 0.0953125 0.03984375