6 0.2765625 0.21796875 0.04921875 0.04375
6 0.059375 0.21796875 0.046875 0.05
6 0.0671875 0.41875 0.06484375 0.0375
6 0.06171875 0.3671875 0.05078125 0.03125
6 0.05859375 0.315625 0.0671875 0.03125
6 0.384375 0.4234375 0.16953125 0.0296875
6 0.8359375 0.1546875 0.13203125 0.05390625
6 0.3484375 0.15234375 0.10078125 0.03984375
6 0.39140625 0.57734375 0.109375 0.04140625
6 0.3921875 0.53046875 0.11171875 0.03046875
6 0.096875 0.57578125 0.10546875 0.04453125
6 0.09609375 0.52890625 0.11015625 0.03125
6 0.13203125 0.65859375 0.20390625 0.03671875
6 0.08671875 0.7625 0.09453125 0.040625
6 0.09375 0.71171875 0.109375 0.03984375
6 0.3875 0.765625 0.1140625 0.03359375
6 0.3921875 0.7109375 0.1203125 0.03671875
6 0.3484375 0.92578125 0.52890625 0.0296875
6 0.34765625 0.878125 0.525 0.040625
6 0.35078125 0.83125 0.53125 0.03125
2 0.06484375 0.92421875 0.0234375 0.03203125
2 0.06640625 0.87578125 0.02421875 0.0328125
2 0.065625 0.8296875 0.02578125 0.03046875
2 0.8609375 0.521875 0.0265625 0.0265625
2 0.86015625 0.465625 0.02578125 0.03046875
2 0.85859375 0.40234375 0.0265625 0.03125
1 0.83046875 0.64921875 0.3390625 0.0578125
1 0.8265625 0.5875 0.33828125 0.0546875
1 0.74609375 0.521875 0.17734375 0.053125
1 0.74453125 0.46328125 0.17421875 0.05234375
1 0.74296875 0.4015625 0.1828125 0.05625
1 0.8296875 0.34140625 0.340625 0.053125
1 0.8296875 0.2796875 0.340625 0.0578125
1 0.828125 0.2171875 0.34375 0.05546875
1 0.55625 0.215625 0.16484375 0.05859375
1 0.8359375 0.91484375 0.2734375 0.08125
5 0.5328125 0.765625 0.1390625 0.04609375
5 0.53515625 0.71015625 0.14296875 0.04609375
5 0.23125 0.765625 0.14609375 0.04375
5 0.2328125 0.7125 0.14375 0.05
5 0.534375 0.58359375 0.1390625 0.046875
5 0.53515625 0.52734375 0.140625 0.0484375
5 0.23515625 0.58046875 0.1390625 0.05078125
5 0.2375 0.52890625 0.146875 0.05
5 0.565625 0.42578125 0.1421875 0.04453125
5 0.56328125 0.36875 0.134375 0.04140625
5 0.5640625 0.31875 0.1375 0.0453125
5 0.37578125 0.371875 0.13671875 0.04375
5 0.3765625 0.321875 0.14140625 0.04375
5 0.19140625 0.421875 0.14453125 0.0515625
5 0.190625 0.37109375 0.13984375 0.04375
5 0.1890625 0.325 0.140625 0.0453125
5 0.36953125 0.22421875 0.1078125 0.0453125
5 0.15078125 0.221875 0.10546875 0.05234375
7 0.10390625 0.02265625 0.0796875 0.03515625
7 0.025 0.02578125 0.05 0.0421875
12 0.146875 0.09140625 0.26640625 0.065625