6 0.28203125 0.078125 0.23203125 0.07578125
4 0.29296875 0.3 0.0703125 0.09921875
4 0.5390625 0.3046875 0.075 0.09140625
4 0.78046875 0.303125 0.07109375 0.0921875
4 0.29453125 0.64140625 0.06484375 0.09453125
4 0.5390625 0.64375 0.06953125 0.11953125
6 0.29375 0.384375 0.0859375 0.04140625
6 0.54140625 0.3828125 0.090625 0.03828125
6 0.78203125 0.38515625 0.084375 0.046875
6 0.296875 0.72421875 0.096875 0.0453125
6 0.5390625 0.725 0.08359375 0.03046875
6 0.0328125 0.1421875 0.065625 0.046875
1 0.0390625 0.090625 0.02734375 0.04921875