6 0.18203125 0.1765625 0.215625 0.16796875
1 0.18046875 0.38046875 0.18828125 0.11640625
1 0.1859375 0.525 0.19140625 0.11640625
1 0.18203125 0.66640625 0.1890625 0.11328125
1 0.18125 0.80703125 0.1875 0.1171875
10 0.53984375 0.35625 0.16640625 0.03984375
10 0.540625 0.45390625 0.165625 0.04453125
6 0.4296875 0.3515625 0.04296875 0.046875
6 0.42734375 0.45078125 0.053125 0.046875
6 0.446875 0.5234375 0.09375 0.03359375
9 0.5078125 0.5234375 0.02265625 0.0484375
1 0.51484375 0.6375 0.1484375 0.09453125
1 0.5171875 0.76484375 0.11171875 0.103125
1 0.7546875 0.4390625 0.13671875 0.08984375
1 0.7546875 0.53828125 0.13515625 0.08671875
1 0.75625 0.63359375 0.13515625 0.0875
1 0.7546875 0.73359375 0.1328125 0.08828125
1 0.75546875 0.83125 0.1359375 0.09296875
1 0.90546875 0.4390625 0.1328125 0.08671875
1 0.90625 0.53671875 0.13125 0.08828125
1 0.90546875 0.6328125 0.13359375 0.08515625
1 0.9078125 0.73515625 0.13359375 0.09140625
1 0.90625 0.83203125 0.13515625 0.090625
6 0.50546875 0.2171875 0.14375 0.07109375
4 0.8328125 0.24453125 0.27265625 0.2453125