4 0.1359375 0.16875 0.271875 0.221875
5 0.9296875 0.19140625 0.140625 0.071875
5 0.65859375 0.19609375 0.13046875 0.06484375
10 0.59296875 0.76640625 0.26171875 0.0546875
1 0.02421875 0.02890625 0.02734375 0.04296875
1 0.04921875 0.03203125 0.02421875 0.040625
1 0.07421875 0.03203125 0.0234375 0.0359375
6 0.23203125 0.02265625 0.271875 0.04453125
6 0.29296875 0.3453125 0.12265625 0.04140625
6 0.29765625 0.3828125 0.1375 0.0453125
6 0.27265625 0.4265625 0.078125 0.03359375
6 0.2796875 0.46484375 0.096875 0.04296875
6 0.29140625 0.49921875 0.11328125 0.03671875
6 0.29609375 0.53828125 0.13125 0.0390625
6 0.3203125 0.6890625 0.190625 0.034375
6 0.32265625 0.73046875 0.19375 0.03515625
6 0.28203125 0.76875 0.11640625 0.03984375
6 0.26796875 0.80546875 0.0921875 0.0328125
6 0.384375 0.12421875 0.14296875 0.04765625
6 0.66328125 0.125 0.30703125 0.04921875
6 0.93125 0.12421875 0.13671875 0.04375
1 0.58828125 0.2765625 0.18203125 0.07890625
1 0.590625 0.35859375 0.1796875 0.071875
1 0.58984375 0.4375 0.18125 0.07578125
1 0.590625 0.5171875 0.17890625 0.07578125
1 0.590625 0.6234375 0.1828125 0.11484375
1 0.88828125 0.3140625 0.2234375 0.11640625
1 0.8875 0.43828125 0.22421875 0.1171875
1 0.8875 0.5609375 0.22421875 0.1125
1 0.88828125 0.68046875 0.2234375 0.11640625
1 0.88828125 0.8109375 0.2234375 0.13359375
6 0.590625 0.7125 0.20859375 0.04609375
6 0.38984375 0.2 0.04921875 0.04140625
1 0.175 0.7546875 0.0546875 0.09375
1 0.1203125 0.75546875 0.053125 0.08828125
1 0.065625 0.75546875 0.053125 0.08046875
1 0.05703125 0.67265625 0.05703125 0.08046875
1 0.1734375 0.490625 0.05546875 0.08359375
1 0.1203125 0.49140625 0.05234375 0.078125
1 0.065625 0.490625 0.05390625 0.0796875
1 0.1484375 0.40703125 0.053125 0.08046875
1 0.09375 0.4078125 0.05390625 0.078125
1 0.03984375 0.40703125 0.053125 0.07890625