6 0.128125 0.0421875 0.25625 0.084375
6 0.65859375 0.0484375 0.2140625 0.09375
4 0.53125 0.04765625 0.034375 0.09375
6 0.04375 0.175 0.0875 0.084375
6 0.04609375 0.2546875 0.0921875 0.05625
9 0.53828125 0.16640625 0.02109375 0.04921875
9 0.5375 0.259375 0.01875 0.053125
6 0.59609375 0.16796875 0.08671875 0.0671875
6 0.60625 0.2625 0.1109375 0.0515625
3 0.11015625 0.38203125 0.2203125 0.10859375
3 0.65078125 0.39375 0.2515625 0.09296875
10 0.21484375 0.55078125 0.428125 0.12890625
10 0.76015625 0.55546875 0.4578125 0.1421875
10 0.76171875 0.7484375 0.46953125 0.078125
10 0.2234375 0.7515625 0.44609375 0.096875
1 0.359375 0.19609375 0.17421875 0.11328125
1 0.9125 0.19296875 0.175 0.1171875
1 0.46328125 0.046875 0.040625 0.09375