1 0.84140625 0.4078125 0.02421875 0.028125
3 0.6484375 0.44140625 0.26640625 0.0375
5 0.734375 0.48046875 0.0953125 0.03515625
5 0.734375 0.5171875 0.0953125 0.0328125
5 0.734375 0.553125 0.09609375 0.03515625
5 0.734375 0.5921875 0.09453125 0.0359375
5 0.7359375 0.628125 0.0984375 0.0359375
5 0.734375 0.66328125 0.09765625 0.034375
5 0.73359375 0.7 0.09609375 0.03515625
5 0.734375 0.73671875 0.0953125 0.034375
5 0.734375 0.775 0.09453125 0.03203125
5 0.734375 0.81171875 0.0953125 0.0375
5 0.703125 0.1421875 0.0953125 0.034375
5 0.703125 0.18046875 0.09609375 0.034375
5 0.703125 0.21484375 0.09609375 0.03203125
5 0.703125 0.2515625 0.0953125 0.03515625
5 0.703125 0.290625 0.0953125 0.0359375
5 0.70390625 0.328125 0.09375 0.03359375
5 0.703125 0.36328125 0.09375 0.0390625
5 0.46640625 0.234375 0.09609375 0.034375
5 0.46640625 0.2734375 0.09765625 0.034375
5 0.46640625 0.3125 0.096875 0.034375
5 0.4671875 0.346875 0.0953125 0.0296875
5 0.446875 0.38359375 0.0546875 0.03671875
5 0.44453125 0.4203125 0.053125 0.0359375
5 0.44453125 0.45625 0.05234375 0.03359375
5 0.4453125 0.49296875 0.05546875 0.034375
5 0.44609375 0.5484375 0.0515625 0.0359375
5 0.4484375 0.5875 0.05078125 0.03515625
5 0.446875 0.625 0.05234375 0.0328125
5 0.44765625 0.66328125 0.04921875 0.0375
5 0.27734375 0.20703125 0.046875 0.03671875
5 0.2765625 0.24609375 0.04609375 0.0328125
5 0.27734375 0.33203125 0.04296875 0.034375
5 0.2875 0.38515625 0.02578125 0.0296875
5 0.11171875 0.20625 0.06875 0.03125
5 0.1109375 0.2421875 0.06875 0.02890625
5 0.11171875 0.278125 0.06953125 0.0359375
3 0.15703125 0.13046875 0.140625 0.03671875
5 0.1125 0.38359375 0.065625 0.040625
5 0.16015625 0.3328125 0.05234375 0.0359375
5 0.26875 0.52734375 0.065625 0.17578125
1 0.21484375 0.54296875 0.0296875 0.1375
1 0.0421875 0.54296875 0.03359375 0.134375
9 0.04375 0.46484375 0.01640625 0.0296875
10 0.5546875 0.259375 0.0375 0.25390625
10 0.18046875 0.52734375 0.02265625 0.16953125
9 0.2421875 0.1328125 0.0140625 0.025
9 0.31484375 0.13515625 0.01796875 0.01875
9 0.03515625 0.17421875 0.01953125 0.02421875
9 0.209375 0.175 0.01171875 0.02578125
9 0.209375 0.29609375 0.01328125 0.028125
9 0.89140625 0.834375 0.01640625 0.0296875
5 0.90078125 0.796875 0.0984375 0.0390625
1 0.94765625 0.18828125 0.02265625 0.03046875
1 0.790625 0.10234375 0.0234375 0.02890625
1 0.3625 0.0953125 0.0296875 0.0328125
1 0.98515625 0.0171875 0.0234375 0.02890625
1 0.9625 0.0203125 0.01796875 0.0296875
1 0.94453125 0.021875 0.0140625 0.03046875
1 0.33984375 0.8 0.05703125 0.034375
5 0.16875 0.8015625 0.28203125 0.040625
9 0.21328125 0.45703125 0.021875 0.03125
4 0.01171875 0.01875 0.0234375 0.03671875
6 0.22109375 0.01484375 0.3953125 0.0296875
7 0.5 0.05078125 1 0.03203125
6 0.053125 0.13359375 0.06015625 0.025
6 0.2765625 0.13515625 0.04296875 0.025
6 0.34453125 0.1328125 0.034375 0.0234375
6 0.09140625 0.171875 0.08203125 0.02109375
6 0.0515625 0.2078125 0.05078125 0.0234375
6 0.05078125 0.24375 0.04921875 0.0265625
6 0.0484375 0.2828125 0.04765625 0.03046875
6 0.16484375 0.20703125 0.03125 0.0234375
6 0.16328125 0.24375 0.03046875 0.0234375
6 0.16953125 0.278125 0.04296875 0.028125
6 0.07578125 0.32890625 0.10390625 0.0265625
6 0.0515625 0.38125 0.04765625 0.028125
6 0.16875 0.384375 0.0359375 0.02734375
6 0.221875 0.209375 0.04296875 0.0265625
6 0.2265625 0.24453125 0.04921875 0.021875
6 0.246875 0.17578125 0.04765625 0.0203125
5 0.28046875 0.2921875 0.0328125 0.0328125
6 0.23984375 0.2953125 0.0390625 0.025
6 0.22890625 0.334375 0.04140625 0.0328125
6 0.23515625 0.38359375 0.0609375 0.02578125
6 0.24921875 0.42421875 0.096875 0.01875
6 0.10078125 0.42890625 0.146875 0.021875
8 0.109375 0.465625 0.08828125 0.01953125
8 0.0796875 0.48125 0.03359375 0.01640625
8 0.08203125 0.4984375 0.0359375 0.01796875
8 0.084375 0.51796875 0.03828125 0.01796875
8 0.084375 0.5421875 0.03828125 0.01953125
8 0.08203125 0.56328125 0.0328125 0.01953125
8 0.1125 0.58359375 0.09140625 0.021875
6 0.33125 0.2359375 0.05 0.02890625
6 0.3421875 0.2734375 0.075 0.0328125
6 0.33359375 0.3109375 0.05859375 0.02890625
6 0.334375 0.346875 0.05703125 0.0296875
6 0.328125 0.38515625 0.04375 0.0296875
6 0.3375 0.4203125 0.06328125 0.0296875
6 0.32265625 0.45625 0.0375 0.02421875
6 0.3484375 0.49453125 0.08984375 0.03359375
6 0.35390625 0.5484375 0.0953125 0.03046875
6 0.3625 0.5828125 0.1140625 0.03046875
6 0.35703125 0.62265625 0.09921875 0.03203125
6 0.3390625 0.6578125 0.065625 0.03125
6 0.4234375 0.71015625 0.09765625 0.02890625
6 0.08046875 0.640625 0.10625 0.0296875
6 0.078125 0.6890625 0.11171875 0.02421875
6 0.0734375 0.72265625 0.096875 0.0296875
6 0.0703125 0.75546875 0.0890625 0.02109375
5 0.23125 0.6421875 0.13984375 0.02890625
5 0.23125 0.684375 0.1375 0.03203125
5 0.23125 0.71796875 0.13515625 0.03203125
5 0.23125 0.75234375 0.1375 0.0296875
6 0.60546875 0.14296875 0.04609375 0.028125
6 0.6 0.1796875 0.03046875 0.02578125
6 0.61484375 0.21328125 0.0640625 0.02421875
6 0.6109375 0.25234375 0.0609375 0.02734375
6 0.60546875 0.2890625 0.05078125 0.0265625
6 0.5984375 0.32734375 0.0265625 0.02734375
6 0.6125 0.3609375 0.06015625 0.028125
6 0.77734375 0.140625 0.04453125 0.02421875
6 0.775 0.17890625 0.0390625 0.02265625
6 0.77578125 0.215625 0.04140625 0.02421875
6 0.77421875 0.25078125 0.03046875 0.02265625
6 0.7734375 0.2875 0.03515625 0.02578125
6 0.7734375 0.328125 0.03515625 0.0265625
6 0.771875 0.36328125 0.03203125 0.02265625
6 0.49375 0.4421875 0.0328125 0.03046875
6 0.6078125 0.40703125 0.2140625 0.0234375
6 0.596875 0.4765625 0.16328125 0.03046875
6 0.56640625 0.51640625 0.10703125 0.034375
6 0.575 0.55234375 0.12421875 0.025
6 0.58125 0.590625 0.134375 0.0265625
6 0.59765625 0.62734375 0.17109375 0.02890625
6 0.809375 0.4796875 0.0421875 0.0296875
6 0.81171875 0.515625 0.04765625 0.02421875
6 0.80625 0.5546875 0.040625 0.02734375
6 0.8015625 0.5921875 0.02734375 0.03046875
6 0.8015625 0.66640625 0.0296875 0.02578125
6 0.8046875 0.703125 0.0359375 0.0296875
6 0.8171875 0.73828125 0.06015625 0.03125
6 0.80703125 0.7765625 0.03984375 0.01953125
6 0.8109375 0.81015625 0.04609375 0.02734375
6 0.5359375 0.66484375 0.11796875 0.0234375
6 0.525 0.70234375 0.090625 0.028125
6 0.578125 0.7390625 0.20078125 0.02578125
6 0.54296875 0.77578125 0.13203125 0.02890625
6 0.5578125 0.81484375 0.159375 0.02890625
4 0.934375 0.4328125 0.02890625 0.0421875
4 0.0328125 0.09609375 0.02421875 0.0328125
6 0.11953125 0.0921875 0.1375 0.02578125
4 0.5296875 0.10625 0.028125 0.03046875
6 0.6359375 0.109375 0.17421875 0.02421875
4 0.4875 0.40234375 0.01796875 0.028125
4 0.31171875 0.1984375 0.02265625 0.0265625
6 0.41640625 0.19765625 0.18125 0.02578125
1 0.8171875 0.23828125 0.03203125 0.028125
1 0.84765625 0.24140625 0.03359375 0.025
1 0.88125 0.2390625 0.0296875 0.0296875
1 0.9078125 0.2375 0.02890625 0.03125
1 0.9328125 0.23828125 0.0296875 0.028125
5 0.81640625 0.2703125 0.0234375 0.03203125
5 0.84296875 0.271875 0.03046875 0.03515625
5 0.871875 0.271875 0.028125 0.034375
5 0.9015625 0.27109375 0.03203125 0.0359375
5 0.934375 0.27265625 0.03125 0.03125