1 0.88046875 0.0265625 0.04296875 0.040625
1 0.9234375 0.025 0.03671875 0.04453125
1 0.96484375 0.025 0.03828125 0.04453125
1 0.15390625 0.9078125 0.2546875 0.07890625
1 0.08046875 0.0734375 0.13671875 0.03671875
1 0.2234375 0.0734375 0.13828125 0.0328125
1 0.371875 0.0703125 0.15078125 0.0328125
1 0.525 0.071875 0.13984375 0.03359375
4 0.49765625 0.15703125 0.115625 0.090625
4 0.21953125 0.17578125 0.43671875 0.16640625
4 0.0265625 0.025 0.03984375 0.0484375
6 0.13984375 0.0296875 0.17890625 0.0359375
12 0.7671875 0.12578125 0.3328125 0.06328125
6 0.77734375 0.203125 0.32421875 0.04921875
3 0.76875 0.30625 0.30625 0.05703125
3 0.26328125 0.77890625 0.503125 0.05703125
10 0.19609375 0.49921875 0.33125 0.040625
10 0.37421875 0.41796875 0.04609375 0.11796875
10 0.41328125 0.70703125 0.271875 0.03984375
10 0.81796875 0.63125 0.26875 0.06484375
13 0.9171875 0.425 0.11171875 0.0515625
12 0.4171875 0.56484375 0.29296875 0.04921875
8 0.4109375 0.60546875 0.25859375 0.028125
8 0.415625 0.63671875 0.2546875 0.03046875
8 0.4140625 0.66953125 0.2515625 0.025
8 0.14375 0.5671875 0.2296875 0.0328125
8 0.14140625 0.60078125 0.2375 0.025
8 0.14296875 0.628125 0.221875 0.02421875
8 0.1453125 0.659375 0.221875 0.02578125
6 0.07265625 0.303125 0.12109375 0.04375
8 0.1734375 0.41015625 0.25 0.0453125
6 0.2515625 0.8296875 0.46484375 0.0359375
2 0.3421875 0.9046875 0.040625 0.04375
2 0.76171875 0.8 0.03515625 0.03359375
2 0.76171875 0.8359375 0.0375 0.03125
2 0.76171875 0.8734375 0.0359375 0.03359375
2 0.76171875 0.9109375 0.0375 0.03515625
6 0.84140625 0.7984375 0.11328125 0.0328125
6 0.81484375 0.834375 0.0609375 0.02578125
6 0.88203125 0.87421875 0.2 0.02734375
6 0.8171875 0.9125 0.065625 0.03046875
5 0.7484375 0.7171875 0.32890625 0.05703125
6 0.6265625 0.6171875 0.08046875 0.034375
6 0.6796875 0.39765625 0.17109375 0.03203125
6 0.9203125 0.384375 0.11015625 0.02734375
6 0.7296875 0.44765625 0.1296875 0.034375
6 0.7359375 0.509375 0.134375 0.03828125
9 0.640625 0.44609375 0.0359375 0.0390625
9 0.6390625 0.5078125 0.040625 0.04140625
6 0.478125 0.49296875 0.0640625 0.03828125
4 0.478125 0.41796875 0.08515625 0.0859375
6 0.43515625 0.90625 0.1328125 0.034375
6 0.5 0.23203125 0.13046875 0.03515625
3 0.62109375 0.87578125 0.19609375 0.1875
3 0.64375 0.87265625 0.12265625 0.0328125
8 0.65234375 0.83828125 0.11328125 0.03046875