6 0.2484375 0.2046875 0.14765625 0.034375
4 0.15859375 0.2046875 0.02734375 0.03515625
6 0.5046875 0.13125 0.7546875 0.090625
6 0.2953125 0.61796875 0.2171875 0.03671875
6 0.30546875 0.6671875 0.24296875 0.0296875
6 0.3 0.8140625 0.2296875 0.02734375
6 0.2890625 0.765625 0.20703125 0.03359375
9 0.16796875 0.76484375 0.02890625 0.034375
9 0.16875 0.81640625 0.0234375 0.034375
9 0.17109375 0.6671875 0.02109375 0.034375
9 0.16953125 0.61328125 0.025 0.03515625
13 0.63203125 0.77578125 0.2609375 0.05078125
3 0.6421875 0.71015625 0.28046875 0.0546875
3 0.64375 0.64375 0.2796875 0.05234375
8 0.57578125 0.31875 0.12734375 0.02734375
8 0.54765625 0.503125 0.07578125 0.02109375
8 0.546875 0.47734375 0.07421875 0.02890625
8 0.54765625 0.45078125 0.075 0.02578125
8 0.546875 0.4234375 0.07578125 0.025
8 0.5453125 0.3953125 0.07265625 0.02578125
8 0.546875 0.36796875 0.07109375 0.02578125
8 0.546875 0.34296875 0.07421875 0.0234375
8 0.6421875 0.3875 0.2875 0.28515625
1 0.7875 0.20078125 0.02890625 0.03671875
1 0.75859375 0.19921875 0.02890625 0.0328125
10 0.7671875 0.4078125 0.0265625 0.22421875
5 0.2859375 0.44140625 0.25703125 0.25
5 0.28359375 0.278125 0.25625 0.04921875