10 0.315625 0.35859375 0.49375 0.0453125
10 0.31328125 0.409375 0.49765625 0.04375
10 0.3203125 0.4609375 0.503125 0.0390625
11 0.68359375 0.37109375 0.14375 0.06953125
11 0.6796875 0.446875 0.15703125 0.059375
11 0.68125 0.2796875 0.14765625 0.07265625
1 0.77890625 0.09140625 0.2375 0.0703125
1 0.7796875 0.18046875 0.24765625 0.06484375
1 0.8046875 0.2515625 0.06875 0.06484375
1 0.8734375 0.25390625 0.06796875 0.0578125
1 0.803125 0.321875 0.06484375 0.0625
1 0.87421875 0.32109375 0.06875 0.065625
13 0.50078125 0.27890625 0.18359375 0.0671875
5 0.18671875 0.275 0.240625 0.07578125
1 0.3421875 0.27578125 0.05703125 0.06953125
1 0.490625 0.184375 0.2484375 0.06875
1 0.48671875 0.0921875 0.2484375 0.07578125
1 0.19453125 0.0921875 0.24453125 0.0671875
1 0.19609375 0.184375 0.2546875 0.06953125
2 0.8046875 0.38828125 0.0625 0.05859375
2 0.87265625 0.3875 0.06171875 0.05625
9 0.8 0.4546875 0.06328125 0.05703125
9 0.87109375 0.45390625 0.0671875 0.05859375
10 0.953125 0.50390625 0.04140625 0.90703125
7 0.48203125 0.53046875 0.81796875 0.071875
1 0.15546875 0.628125 0.16875 0.0671875
1 0.32265625 0.6265625 0.16796875 0.06796875
1 0.4875 0.628125 0.1671875 0.07265625
1 0.65234375 0.628125 0.16796875 0.071875
1 0.81875 0.628125 0.16875 0.07265625
1 0.53671875 0.74140625 0.1234375 0.07421875
1 0.37890625 0.740625 0.12578125 0.08359375
1 0.16484375 0.72890625 0.19296875 0.07578125
1 0.1625 0.80859375 0.18828125 0.06796875
1 0.10859375 0.890625 0.07109375 0.06875
1 0.2328125 0.8796875 0.07578125 0.071875
1 0.37109375 0.86953125 0.10234375 0.0859375
1 0.57109375 0.8671875 0.10546875 0.09375
1 0.4734375 0.87109375 0.125 0.121875
3 0.78203125 0.81875 0.25625 0.27890625
8 0.78125 0.784375 0.14140625 0.0515625
8 0.78828125 0.85078125 0.1296875 0.04921875
8 0.78671875 0.91953125 0.14296875 0.0515625