10 0.2875 0.6875 0.36796875 0.040625
10 0.2875 0.7359375 0.3671875 0.0484375
10 0.2921875 0.50625 0.290625 0.246875
10 0.66875 0.6234375 0.1421875 0.03359375
10 0.88046875 0.5515625 0.059375 0.03203125
10 0.6375 0.0640625 0.184375 0.03671875
6 0.40390625 0.059375 0.221875 0.06796875
1 0.15234375 0.1609375 0.13359375 0.0734375
1 0.29609375 0.16015625 0.14921875 0.075
1 0.434375 0.1609375 0.1328125 0.07578125
1 0.134375 0.271875 0.08984375 0.075
1 0.221875 0.27109375 0.08515625 0.0734375
1 0.29765625 0.271875 0.06640625 0.071875
1 0.3671875 0.27109375 0.075 0.0703125
1 0.453125 0.27109375 0.09140625 0.0703125
1 0.60625 0.14921875 0.10703125 0.05
1 0.72109375 0.1484375 0.09921875 0.0515625
1 0.81796875 0.1453125 0.05703125 0.0453125
1 0.88671875 0.1484375 0.06171875 0.04765625
1 0.65234375 0.2140625 0.20234375 0.0515625
1 0.653125 0.2796875 0.20859375 0.05390625
1 0.6078125 0.403125 0.1140625 0.04765625
1 0.7234375 0.4046875 0.1171875 0.04765625
1 0.82265625 0.4015625 0.05703125 0.04453125
1 0.8828125 0.40390625 0.06484375 0.04921875
1 0.5984375 0.77578125 0.09375 0.08828125
1 0.84765625 0.77890625 0.0984375 0.0875
1 0.7203125 0.77890625 0.1578125 0.14296875
1 0.5859375 0.9296875 0.08125 0.06171875
1 0.675 0.93359375 0.0890625 0.0609375
1 0.76640625 0.93203125 0.09453125 0.06015625
1 0.8625 0.93203125 0.09921875 0.05859375
3 0.28125 0.93203125 0.36953125 0.053125
3 0.28203125 0.97734375 0.37109375 0.0421875
5 0.2796875 0.828125 0.25859375 0.05
11 0.8515625 0.62265625 0.125 0.05390625
11 0.61640625 0.55234375 0.134375 0.05234375
11 0.76171875 0.5515625 0.1359375 0.04765625
13 0.85234375 0.4796875 0.121875 0.04609375
11 0.7140625 0.4796875 0.09140625 0.04921875
11 0.59921875 0.478125 0.0921875 0.0453125
9 0.80859375 0.2125 0.03359375 0.03125
9 0.853125 0.21640625 0.034375 0.03359375
9 0.896875 0.215625 0.0375 0.028125
9 0.80703125 0.24921875 0.03046875 0.02734375
9 0.8515625 0.25078125 0.02890625 0.02890625
9 0.896875 0.25234375 0.034375 0.03125
9 0.80625 0.2859375 0.03515625 0.034375
9 0.85390625 0.2875 0.0328125 0.0296875
9 0.89609375 0.28828125 0.03515625 0.03125