6 0.509375 0.5046875 0.08125 0.03203125
6 0.39765625 0.54296875 0.14140625 0.0390625
6 0.4109375 0.69375 0.171875 0.03359375
6 0.41484375 0.65390625 0.17578125 0.0296875
6 0.425 0.6171875 0.1953125 0.03203125
6 0.440625 0.58359375 0.22734375 0.02265625
6 0.0640625 0.47109375 0.0296875 0.01875
3 0.02578125 0.07265625 0.04453125 0.01875
1 0.01171875 0.05078125 0.0125 0.01796875
6 0.0140625 0.02578125 0.01953125 0.015625
6 0.06875 0.07109375 0.0359375 0.015625
6 0.1609375 0.82421875 0.2296875 0.02890625
6 0.125 0.86328125 0.08125 0.03671875
6 0.56484375 0.43828125 0.04375 0.0265625
1 0.0234375 0.05078125 0.0109375 0.021875
3 0.0328125 0.05078125 0.00859375 0.02734375
1 0.03984375 0.05 0.00859375 0.01875
3 0.2078125 0.05 0.32421875 0.0171875
1 0.375 0.04921875 0.01015625 0.01875
5 0.421875 0.04921875 0.08125 0.01953125
3 0.23046875 0.47109375 0.303125 0.01953125
3 0.4234375 0.47109375 0.07890625 0.02109375
1 0.40234375 0.4921875 0.03828125 0.02109375
1 0.44296875 0.49296875 0.0390625 0.0203125
3 0.42421875 0.07265625 0.0171875 0.015625
1 0.44296875 0.07265625 0.0125 0.015625
1 0.45625 0.0734375 0.0109375 0.0171875
1 0.459375 0.025 0.01328125 0.01640625
13 0.48828125 0.325 0.05078125 0.0375
13 0.48828125 0.36953125 0.05 0.03671875
13 0.521875 0.4359375 0.0375 0.04140625
3 0.525 0.2828125 0.12421875 0.0375
3 0.5546875 0.340625 0.065625 0.04375
2 0.575 0.50703125 0.01640625 0.02578125
2 0.57578125 0.54140625 0.01328125 0.025
2 0.575 0.57890625 0.0140625 0.02421875
2 0.575 0.6140625 0.01484375 0.02421875
2 0.57578125 0.65234375 0.01328125 0.0234375
2 0.57578125 0.6921875 0.01328125 0.0265625
2 0.28515625 0.83359375 0.01484375 0.02578125
2 0.2859375 0.8640625 0.01484375 0.0234375
1 0.95390625 0.01015625 0.01640625 0.01953125
1 0.971875 0.01015625 0.01875 0.01953125
1 0.990625 0.01015625 0.01875 0.01953125
1 0.22265625 0.8625 0.1078125 0.0390625
1 0.34375 0.84765625 0.05078125 0.04296875
1 0.39375 0.84765625 0.0484375 0.04296875
1 0.5640625 0.8453125 0.053125 0.03984375
5 0.07421875 0.98671875 0.1125 0.0265625