6 0.1125 0.5015625 0.15625 0.02890625
6 0.0609375 0.28828125 0.0515625 0.040625
6 0.1546875 0.3078125 0.0640625 0.0265625
13 0.20703125 0.30625 0.0359375 0.03671875
6 0.20625 0.2765625 0.0203125 0.021875
9 0.221875 0.3375 0.009375 0.02265625
13 0.24140625 0.30625 0.034375 0.03359375
6 0.240625 0.27265625 0.03125 0.028125
13 0.2796875 0.3046875 0.04609375 0.0390625
6 0.27734375 0.27734375 0.02265625 0.025
3 0.24375 0.38125 0.1140625 0.0484375
6 0.24375 0.3453125 0.028125 0.021875
6 0.2859375 0.34375 0.03125 0.02265625
6 0.190625 0.340625 0.04453125 0.02578125
6 0.15234375 0.3828125 0.06640625 0.02890625
6 0.0734375 0.4296875 0.05390625 0.03359375
6 0.1765625 0.43671875 0.05703125 0.03359375
6 0.27578125 0.43828125 0.0390625 0.02890625
6 0.40546875 0.2859375 0.08046875 0.0328125
6 0.409375 0.40703125 0.1015625 0.02890625
6 0.40078125 0.36875 0.0828125 0.03046875
6 0.4015625 0.334375 0.08125 0.0234375
6 0.44375 0.43828125 0.1140625 0.03203125
6 0.5640625 0.440625 0.0421875 0.02265625
6 0.4359375 0.5078125 0.21640625 0.0328125
6 0.43671875 0.5796875 0.221875 0.0265625
6 0.39765625 0.5453125 0.14140625 0.028125
6 0.41015625 0.69609375 0.17421875 0.025
6 0.4109375 0.66015625 0.171875 0.0328125
6 0.41875 0.621875 0.1828125 0.02890625
6 0.16171875 0.82578125 0.23515625 0.028125
6 0.12421875 0.86171875 0.07890625 0.02890625
6 0.059375 0.02734375 0.1140625 0.02109375
6 0.05 0.05234375 0.03203125 0.021875
6 0.14140625 0.0453125 0.04296875 0.0296875
6 0.228125 0.053125 0.05078125 0.02890625
6 0.31328125 0.05 0.03359375 0.0265625
13 0.48046875 0.36875 0.06328125 0.0390625
13 0.4796875 0.32734375 0.06328125 0.03984375
13 0.521875 0.4359375 0.0390625 0.04296875
13 0.12421875 0.428125 0.03984375 0.040625
13 0.2296875 0.42734375 0.0390625 0.0375
3 0.5171875 0.27890625 0.13515625 0.04765625
3 0.24921875 0.57890625 0.10859375 0.1953125
3 0.5546875 0.34375 0.065625 0.05078125
2 0.57421875 0.68984375 0.0140625 0.028125
2 0.57421875 0.653125 0.0171875 0.0328125
2 0.57421875 0.61328125 0.015625 0.02890625
2 0.575 0.5796875 0.01328125 0.02265625
2 0.57421875 0.53984375 0.01484375 0.02890625
2 0.575 0.50859375 0.01796875 0.02578125
2 0.28515625 0.8640625 0.01328125 0.028125
2 0.28515625 0.83359375 0.0125 0.021875
1 0.2234375 0.85859375 0.10703125 0.034375
1 0.34375 0.846875 0.04765625 0.0359375
1 0.39453125 0.84609375 0.05 0.04453125
1 0.56328125 0.84609375 0.05 0.0375
8 0.2390625 0.53984375 0.0765625 0.02578125
8 0.240625 0.6578125 0.07734375 0.0296875
8 0.24296875 0.628125 0.0828125 0.028125
8 0.228125 0.59765625 0.05546875 0.02890625
8 0.228125 0.56875 0.05546875 0.03046875
1 0.95390625 0.01171875 0.01875 0.0234375
1 0.97109375 0.0109375 0.0171875 0.021875
1 0.98984375 0.01171875 0.0203125 0.0234375
9 0.26015625 0.3390625 0.01171875 0.021875
7 0.5 0.984375 1 0.03046875
5 0.075 0.98671875 0.11640625 0.0265625
6 0.1234375 0.4625 0.03515625 0.01796875
6 0.23046875 0.46328125 0.05546875 0.01640625
4 0.009375 0.984375 0.01171875 0.01953125
4 0.16015625 0.9859375 0.0140625 0.01953125
4 0.1796875 0.9859375 0.01015625 0.01875
4 0.1984375 0.9859375 0.0109375 0.02109375
4 0.21796875 0.9859375 0.01015625 0.01875
4 0.23671875 0.9859375 0.01015625 0.01640625
4 0.25546875 0.98515625 0.0109375 0.02109375
4 0.27578125 0.984375 0.01015625 0.01953125
4 0.29453125 0.98515625 0.0109375 0.01796875
4 0.31328125 0.98515625 0.0125 0.02109375
4 0.3328125 0.98671875 0.01171875 0.01953125
12 0.3515625 0.9859375 0.01953125 0.02734375
4 0.8578125 0.98359375 0.01171875 0.01953125
4 0.91796875 0.98515625 0.0078125 0.01484375
4 0.92734375 0.98671875 0.0078125 0.01328125
4 0.93671875 0.9859375 0.0078125 0.01328125
4 0.94765625 0.98671875 0.00859375 0.015625
4 0.9890625 0.98828125 0.01015625 0.01953125
3 0.88828125 0.9859375 0.046875 0.01640625