1 0.815625 0.259375 0.15625 0.05859375
1 0.87109375 0.6 0.1453125 0.1109375
1 0.675 0.5796875 0.15859375 0.05625
1 0.10625 0.41484375 0.03671875 0.0453125
12 0.04921875 0.63828125 0.04375 0.03203125
12 0.09140625 0.63828125 0.0421875 0.03046875
12 0.134375 0.6390625 0.04296875 0.0328125
5 0.11875 0.3453125 0.0890625 0.08203125
5 0.365625 0.684375 0.3546875 0.040625
5 0.24453125 0.74609375 0.13828125 0.03984375
5 0.77421875 0.72265625 0.3546875 0.1140625
3 0.76171875 0.4171875 0.14609375 0.24375
3 0.903125 0.42109375 0.1109375 0.21328125
3 0.1984375 0.5125 0.01953125 0.03828125
3 0.12421875 0.2296875 0.11015625 0.03984375
8 0.7359375 0.48046875 0.0765625 0.0203125
8 0.73515625 0.45390625 0.07421875 0.01953125
8 0.7359375 0.42578125 0.07421875 0.01875
8 0.7359375 0.39765625 0.07421875 0.01953125
8 0.73515625 0.3703125 0.07421875 0.021875
8 0.89140625 0.4828125 0.075 0.02109375
8 0.8921875 0.45546875 0.07578125 0.01875
8 0.89140625 0.428125 0.07421875 0.0203125
8 0.8921875 0.4 0.075 0.0203125
8 0.89140625 0.37109375 0.07578125 0.0203125
2 0.20078125 0.325 0.01328125 0.0234375
2 0.0546875 0.46171875 0.01328125 0.021875
2 0.11875 0.496875 0.0140625 0.021875
9 0.13984375 0.4125 0.0109375 0.02109375
9 0.13984375 0.46328125 0.01171875 0.0203125
9 0.03046875 0.5078125 0.01015625 0.01875
6 0.23046875 0.32578125 0.04140625 0.01640625
6 0.18984375 0.3703125 0.02890625 0.01640625
6 0.175 0.41328125 0.0515625 0.01640625
6 0.175 0.465625 0.05234375 0.01640625
6 0.1484375 0.496875 0.04296875 0.01640625
6 0.084375 0.46171875 0.0421875 0.0171875
6 0.065625 0.509375 0.05234375 0.015625