6 0.05625 0.02734375 0.10546875 0.02109375
6 0.04609375 0.05 0.0296875 0.0171875
6 0.13984375 0.046875 0.046875 0.02578125
6 0.228125 0.05078125 0.05546875 0.02109375
6 0.3125 0.05078125 0.03984375 0.01796875
6 0.06328125 0.28828125 0.05546875 0.040625
6 0.15234375 0.3078125 0.065625 0.0328125
13 0.20625 0.30703125 0.034375 0.0375
6 0.20546875 0.27109375 0.0234375 0.03203125
6 0.24140625 0.27265625 0.03046875 0.02890625
13 0.2796875 0.3046875 0.0421875 0.03125
6 0.27734375 0.27109375 0.02109375 0.028125
6 0.19296875 0.34140625 0.04296875 0.0265625
3 0.2453125 0.38203125 0.11640625 0.04140625
6 0.240625 0.34453125 0.02578125 0.02578125
6 0.28671875 0.3421875 0.03828125 0.0265625
6 0.1515625 0.38125 0.0640625 0.03359375
6 0.071875 0.4296875 0.06171875 0.0359375
6 0.1765625 0.434375 0.0625 0.03046875
6 0.28046875 0.43203125 0.04765625 0.034375
6 0.11484375 0.5 0.15859375 0.03359375
6 0.12421875 0.4625 0.04140625 0.02265625
3 0.2515625 0.50234375 0.11015625 0.04453125
6 0.23125 0.4640625 0.0625 0.02109375
6 0.41796875 0.4046875 0.1234375 0.0296875
6 0.4015625 0.36640625 0.0859375 0.0296875
6 0.40078125 0.3296875 0.08671875 0.02890625
6 0.40546875 0.2875 0.08203125 0.02890625
6 0.44296875 0.4375 0.11328125 0.03203125
6 0.56796875 0.4421875 0.04609375 0.0328125
6 0.4359375 0.50625 0.22265625 0.03203125
6 0.415625 0.6953125 0.17578125 0.02890625
6 0.415625 0.65234375 0.17890625 0.02890625
6 0.41796875 0.6171875 0.1859375 0.03203125
6 0.4390625 0.58046875 0.22578125 0.03046875
6 0.39921875 0.54453125 0.1515625 0.028125
6 0.16015625 0.82578125 0.23046875 0.028125
6 0.12578125 0.8609375 0.07734375 0.03046875
9 0.22109375 0.33984375 0.0109375 0.0234375
9 0.26015625 0.3390625 0.01171875 0.021875
13 0.240625 0.3046875 0.0328125 0.03359375
13 0.12421875 0.42734375 0.03984375 0.0390625
13 0.23125 0.428125 0.040625 0.03984375
13 0.48125 0.325 0.0640625 0.04375
13 0.48125 0.36796875 0.0640625 0.03828125
13 0.521875 0.4375 0.03984375 0.04375
3 0.51953125 0.2765625 0.13828125 0.0484375
3 0.5546875 0.3390625 0.06640625 0.0484375
2 0.575 0.50859375 0.01171875 0.021875
2 0.575 0.540625 0.0125 0.0203125
2 0.575 0.57890625 0.0125 0.021875
2 0.57578125 0.61328125 0.01171875 0.02265625
2 0.575 0.65234375 0.0125 0.02265625
2 0.57578125 0.6890625 0.01171875 0.021875
2 0.28515625 0.83203125 0.0140625 0.0234375
2 0.28515625 0.8625 0.0140625 0.02265625
1 0.221875 0.8609375 0.10859375 0.0375
1 0.34296875 0.84609375 0.05 0.0375
1 0.39453125 0.8453125 0.05 0.03671875
1 0.56328125 0.8453125 0.05078125 0.0375
1 0.95390625 0.009375 0.0203125 0.01875
1 0.97421875 0.01015625 0.0203125 0.01953125
1 0.9921875 0.01015625 0.015625 0.01953125
7 0.50078125 0.984375 0.9984375 0.03125
5 0.075 0.98515625 0.1125 0.0296875
4 0.009375 0.9859375 0.01015625 0.01796875
4 0.140625 0.98515625 0.009375 0.01796875
4 0.16015625 0.98515625 0.0109375 0.02109375
4 0.1796875 0.9859375 0.00859375 0.015625
4 0.1984375 0.98671875 0.009375 0.0171875
4 0.21796875 0.98671875 0.009375 0.01796875
4 0.23671875 0.98671875 0.009375 0.015625
4 0.25625 0.9859375 0.01015625 0.01796875
4 0.27578125 0.9859375 0.01015625 0.0171875
4 0.29453125 0.98671875 0.009375 0.015625
4 0.3140625 0.9859375 0.01015625 0.01796875
4 0.33359375 0.98671875 0.0109375 0.01796875
4 0.3515625 0.9859375 0.00859375 0.01171875
4 0.8578125 0.98515625 0.009375 0.01484375
4 0.91796875 0.9859375 0.00625 0.0140625
4 0.9265625 0.98671875 0.00625 0.0109375
4 0.93671875 0.98671875 0.00625 0.0125
4 0.94765625 0.9859375 0.0078125 0.0125
4 0.98828125 0.98828125 0.0109375 0.01875
3 0.88828125 0.9859375 0.04609375 0.0125