6 0.05078125 0.04921875 0.03828125 0.01875
6 0.1390625 0.04921875 0.04609375 0.021875
6 0.22890625 0.0515625 0.05546875 0.02109375
6 0.31484375 0.04609375 0.04609375 0.025
6 0.05703125 0.028125 0.10859375 0.0171875
6 0.74453125 0.2390625 0.1234375 0.04140625
6 0.78671875 0.3046875 0.21015625 0.05078125
6 0.78046875 0.4359375 0.1859375 0.04140625
6 0.7984375 0.5 0.0375 0.0296875
6 0.75390625 0.559375 0.1453125 0.0578125
6 0.796875 0.62734375 0.03828125 0.03359375
6 0.7546875 0.68671875 0.1421875 0.0453125
6 0.79921875 0.74765625 0.0421875 0.04375
6 0.8171875 0.8125 0.209375 0.05546875
6 0.875 0.86953125 0.0828125 0.05078125
13 0.88203125 0.49609375 0.08828125 0.0671875
13 0.878125 0.621875 0.08515625 0.06953125
13 0.88203125 0.74375 0.08984375 0.07265625
3 0.80078125 0.3703125 0.24296875 0.07578125
1 0.72265625 0.49140625 0.084375 0.06640625
1 0.721875 0.62734375 0.08671875 0.0671875
1 0.7203125 0.746875 0.08828125 0.0703125
1 0.878125 0.93359375 0.0921875 0.065625
1 0.95390625 0.01015625 0.01640625 0.01953125
1 0.971875 0.01171875 0.01875 0.02265625
1 0.990625 0.01171875 0.01875 0.02265625
5 0.075 0.98671875 0.1109375 0.0265625