6 0.05625 0.025 0.10703125 0.01953125
6 0.04609375 0.04765625 0.03046875 0.0234375
6 0.1390625 0.0484375 0.0453125 0.0265625
6 0.2296875 0.04609375 0.059375 0.03046875
6 0.3140625 0.0484375 0.0390625 0.02265625
6 0.06328125 0.29140625 0.0671875 0.04140625
6 0.2046875 0.26953125 0.02109375 0.03671875
6 0.24140625 0.26953125 0.0328125 0.03359375
6 0.278125 0.27265625 0.0265625 0.02890625
6 0.1484375 0.30859375 0.0703125 0.025
6 0.18984375 0.340625 0.046875 0.025
3 0.24375 0.3828125 0.11484375 0.04296875
6 0.24140625 0.34296875 0.0234375 0.0171875
6 0.28671875 0.33984375 0.03671875 0.02578125
6 0.40546875 0.2875 0.08203125 0.03671875
6 0.44140625 0.440625 0.1140625 0.025
6 0.425 0.4078125 0.1359375 0.03359375
6 0.4 0.36875 0.0890625 0.028125
6 0.4 0.33125 0.090625 0.034375
6 0.5703125 0.43515625 0.053125 0.04140625
6 0.14765625 0.37890625 0.07109375 0.03359375
6 0.07109375 0.4265625 0.059375 0.03359375
6 0.1765625 0.43046875 0.0578125 0.03046875
6 0.28046875 0.43359375 0.04765625 0.028125
6 0.11484375 0.50234375 0.15546875 0.03359375
6 0.12578125 0.4625 0.040625 0.02578125
3 0.25 0.503125 0.10703125 0.04296875
6 0.23359375 0.465625 0.07109375 0.02265625
6 0.43359375 0.5078125 0.221875 0.03203125
6 0.4140625 0.6953125 0.17578125 0.0296875
6 0.4125 0.65546875 0.175 0.03359375
6 0.41953125 0.61875 0.18828125 0.0359375
6 0.440625 0.58046875 0.22734375 0.0296875
6 0.40078125 0.5421875 0.14921875 0.02890625
6 0.1578125 0.82265625 0.23203125 0.0328125
6 0.12421875 0.86171875 0.07890625 0.03046875
9 0.221875 0.3390625 0.01015625 0.01875
9 0.26015625 0.3390625 0.0109375 0.01875
13 0.20546875 0.30703125 0.03515625 0.03671875
13 0.240625 0.30625 0.0328125 0.034375
13 0.2796875 0.30703125 0.04375 0.034375
13 0.4796875 0.3265625 0.0640625 0.0390625
13 0.48046875 0.36953125 0.06328125 0.0375
13 0.521875 0.4359375 0.040625 0.0390625
13 0.1234375 0.42578125 0.04140625 0.0390625
13 0.23125 0.42734375 0.04296875 0.0453125
3 0.5171875 0.28359375 0.13671875 0.04140625
3 0.55390625 0.340625 0.0640625 0.04296875
2 0.575 0.509375 0.01328125 0.02421875
2 0.575 0.540625 0.0140625 0.02421875
2 0.575 0.578125 0.015625 0.02578125
2 0.575 0.61484375 0.01484375 0.025
2 0.575 0.653125 0.0140625 0.0234375
2 0.57578125 0.6921875 0.01796875 0.028125
2 0.2859375 0.8328125 0.015625 0.02421875
2 0.2875 0.86328125 0.0171875 0.025
1 0.221875 0.86015625 0.109375 0.03671875
1 0.34375 0.846875 0.04921875 0.03984375
1 0.39609375 0.846875 0.05234375 0.040625
1 0.56328125 0.84609375 0.0515625 0.03984375
1 0.9515625 0.0078125 0.0171875 0.015625
1 0.9703125 0.009375 0.02109375 0.01875
1 0.990625 0.009375 0.01875 0.01875
5 0.075 0.98515625 0.1125 0.0296875