1 0.88203125 0.2625 0.1453125 0.11953125
1 0.71640625 0.44453125 0.0375 0.040625
1 0.11015625 0.3109375 0.15859375 0.0546875
1 0.128125 0.228125 0.15546875 0.05625
12 0.0484375 0.63359375 0.046875 0.03515625
12 0.09140625 0.63515625 0.04375 0.03671875
12 0.13359375 0.63515625 0.0453125 0.0375
5 0.77421875 0.7203125 0.35625 0.1203125
5 0.55 0.72109375 0.08828125 0.08671875
5 0.41328125 0.64921875 0.35390625 0.0375
5 0.11328125 0.66953125 0.13359375 0.03046875
3 0.91796875 0.440625 0.0234375 0.0453125
3 0.31484375 0.353125 0.10859375 0.03828125
3 0.30078125 0.509375 0.14453125 0.2375
3 0.4421875 0.5109375 0.10859375 0.2109375
8 0.275 0.575 0.075 0.01875
8 0.275 0.546875 0.07578125 0.021875
8 0.275 0.51875 0.07578125 0.01953125
8 0.275 0.4921875 0.0765625 0.01953125
8 0.275 0.46484375 0.07421875 0.02265625
8 0.43203125 0.57578125 0.075 0.0234375
8 0.43046875 0.54609375 0.07578125 0.02109375
8 0.43125 0.51953125 0.07734375 0.01953125
8 0.43125 0.490625 0.07578125 0.02109375
8 0.43125 0.4640625 0.075 0.0203125
2 0.2859375 0.26640625 0.0125 0.0203125
2 0.35078125 0.30078125 0.01328125 0.02265625
2 0.69375 0.4015625 0.01328125 0.02109375
2 0.87578125 0.38515625 0.01328125 0.02265625
9 0.2625 0.31171875 0.01171875 0.02109375
9 0.37109375 0.26796875 0.01171875 0.02109375
6 0.29765625 0.3140625 0.053125 0.01796875
6 0.31640625 0.26640625 0.04375 0.01875
6 0.40625 0.26953125 0.05234375 0.01640625
6 0.38125 0.30078125 0.0421875 0.01640625
6 0.7234375 0.40234375 0.0421875 0.0171875
6 0.90546875 0.3859375 0.0421875 0.01796875
6 0.853125 0.4296875 0.053125 0.01796875
6 0.784375 0.4453125 0.0515625 0.01796875
9 0.81796875 0.4296875 0.0109375 0.0203125
9 0.74921875 0.44375 0.01171875 0.02109375