6 0.05625 0.0234375 0.1125 0.025
6 0.04765625 0.0484375 0.03203125 0.01953125
6 0.13984375 0.04765625 0.04296875 0.0234375
6 0.228125 0.0453125 0.06171875 0.0328125
6 0.3125 0.046875 0.03828125 0.021875
6 0.0609375 0.284375 0.0578125 0.0390625
6 0.20390625 0.27109375 0.02578125 0.03203125
6 0.240625 0.2703125 0.028125 0.03046875
6 0.27734375 0.26875 0.02734375 0.0328125
6 0.15 0.30625 0.07265625 0.03046875
6 0.18984375 0.34296875 0.04765625 0.02265625
3 0.24453125 0.3796875 0.11484375 0.04375
6 0.240625 0.34296875 0.02578125 0.0203125
6 0.2890625 0.340625 0.04140625 0.021875
6 0.14921875 0.38046875 0.07109375 0.02890625
6 0.0671875 0.43046875 0.065625 0.034375
6 0.1109375 0.503125 0.16328125 0.034375
6 0.125 0.4640625 0.034375 0.0171875
6 0.1765625 0.4328125 0.05625 0.0234375
6 0.278125 0.43125 0.04921875 0.025
3 0.25078125 0.503125 0.11015625 0.040625
6 0.23046875 0.46328125 0.05390625 0.0234375
6 0.440625 0.4375 0.11796875 0.0359375
6 0.42109375 0.40859375 0.125 0.0296875
6 0.40234375 0.36875 0.0890625 0.0328125
6 0.4 0.33359375 0.08984375 0.0296875
6 0.4046875 0.28984375 0.0828125 0.0328125
6 0.5671875 0.434375 0.04765625 0.040625
6 0.4359375 0.50859375 0.21484375 0.04296875
6 0.43984375 0.57890625 0.23359375 0.02890625
6 0.3984375 0.546875 0.14921875 0.01953125
6 0.4125 0.69453125 0.1828125 0.0359375
6 0.41484375 0.65625 0.18515625 0.03046875
6 0.421875 0.6203125 0.19609375 0.021875
6 0.1609375 0.8234375 0.23046875 0.03046875
6 0.121875 0.859375 0.08828125 0.03046875
9 0.221875 0.3390625 0.01171875 0.0234375
9 0.2609375 0.33984375 0.01328125 0.021875
13 0.48125 0.32734375 0.06484375 0.03828125
13 0.48203125 0.36875 0.0625 0.03828125
13 0.52109375 0.4375 0.03828125 0.0390625
13 0.27890625 0.30625 0.0421875 0.03359375
13 0.24140625 0.30625 0.03359375 0.0328125
13 0.20703125 0.30625 0.0328125 0.03515625
13 0.23046875 0.42734375 0.040625 0.0375
13 0.125 0.42734375 0.04140625 0.03671875
3 0.51796875 0.284375 0.1375 0.04453125
3 0.55390625 0.34140625 0.065625 0.046875
2 0.57421875 0.50859375 0.0125 0.0234375
2 0.575 0.53984375 0.01328125 0.02265625
2 0.57578125 0.5796875 0.01328125 0.02265625
2 0.57421875 0.615625 0.0125 0.021875
2 0.575 0.6515625 0.0140625 0.0234375
2 0.575 0.68984375 0.01484375 0.021875
2 0.28671875 0.834375 0.01484375 0.025
2 0.28515625 0.86328125 0.0125 0.02578125
1 0.22265625 0.85859375 0.1078125 0.0328125
1 0.34375 0.84765625 0.05 0.03671875
1 0.3953125 0.846875 0.05078125 0.03671875
1 0.5625 0.84453125 0.04765625 0.03984375
1 0.95234375 0.00703125 0.01953125 0.0140625
1 0.9734375 0.00703125 0.0140625 0.0140625
1 0.99140625 0.00625 0.0171875 0.0125
7 0.5 0.98515625 0.99921875 0.02890625
5 0.075 0.98515625 0.1125 0.0296875
7 0.009375 0.9859375 0.00703125 0.01328125
4 0.140625 0.9859375 0.00703125 0.0125
4 0.1609375 0.9859375 0.009375 0.01875
4 0.1796875 0.9859375 0.00859375 0.0140625
4 0.1984375 0.9859375 0.009375 0.01640625
4 0.21796875 0.9859375 0.009375 0.01640625
4 0.23671875 0.9859375 0.00859375 0.015625
4 0.25625 0.9859375 0.009375 0.0171875
4 0.275 0.9859375 0.009375 0.0171875
4 0.29453125 0.9859375 0.009375 0.015625
4 0.31328125 0.9859375 0.01015625 0.0171875
4 0.33359375 0.9875 0.01015625 0.01796875
12 0.35234375 0.9859375 0.01875 0.02734375
4 0.8578125 0.984375 0.009375 0.015625
4 0.91796875 0.98515625 0.00703125 0.01328125
4 0.9265625 0.98671875 0.00625 0.01015625
4 0.93671875 0.9859375 0.00703125 0.01015625
4 0.946875 0.9859375 0.00625 0.0125
3 0.88828125 0.9859375 0.0453125 0.009375
4 0.98828125 0.98828125 0.009375 0.0171875