6 0.05859375 0.02890625 0.1078125 0.0171875
6 0.046875 0.05078125 0.0421875 0.01953125
6 0.14140625 0.05234375 0.04921875 0.0265625
6 0.23046875 0.04921875 0.06015625 0.0234375
6 0.3140625 0.05234375 0.04375 0.0234375
6 0.06640625 0.2828125 0.06328125 0.0578125
6 0.1546875 0.31171875 0.06640625 0.0390625
6 0.20390625 0.26953125 0.034375 0.03671875
13 0.24140625 0.30546875 0.0328125 0.034375
6 0.24296875 0.2765625 0.03046875 0.025
13 0.27890625 0.3046875 0.04453125 0.034375
6 0.27578125 0.27578125 0.02109375 0.028125
6 0.190625 0.34140625 0.0421875 0.0234375
3 0.24609375 0.38046875 0.1171875 0.0390625
6 0.24140625 0.34375 0.0265625 0.02265625
6 0.28671875 0.3421875 0.03828125 0.02578125
6 0.15 0.3796875 0.06953125 0.03046875
6 0.0703125 0.43046875 0.05 0.0296875
6 0.1234375 0.46796875 0.04921875 0.0265625
6 0.1765625 0.4296875 0.059375 0.0390625
3 0.25078125 0.5046875 0.109375 0.0453125
6 0.228125 0.4671875 0.0578125 0.0296875
6 0.2765625 0.43046875 0.04375 0.03359375
6 0.40625 0.2828125 0.07890625 0.0296875
6 0.39921875 0.36328125 0.0890625 0.03203125
6 0.40078125 0.33125 0.0921875 0.0296875
6 0.4171875 0.40625 0.128125 0.0265625
6 0.4421875 0.43671875 0.1171875 0.0265625
6 0.56953125 0.434375 0.04453125 0.03359375
6 0.43359375 0.5046875 0.2140625 0.03203125
6 0.41015625 0.6953125 0.17109375 0.0390625
6 0.41328125 0.6546875 0.175 0.02578125
6 0.41796875 0.6203125 0.18828125 0.02890625
6 0.4375 0.58359375 0.22734375 0.02578125
6 0.39765625 0.54453125 0.1453125 0.02578125
6 0.159375 0.8296875 0.23125 0.0265625
6 0.125 0.8578125 0.075 0.028125
9 0.22109375 0.33828125 0.01953125 0.0234375
9 0.2609375 0.3390625 0.01640625 0.0296875
13 0.20625 0.30546875 0.034375 0.03671875
13 0.1234375 0.42578125 0.0421875 0.03984375
13 0.23125 0.42734375 0.0421875 0.03984375
13 0.48046875 0.32578125 0.0640625 0.0375
13 0.48046875 0.36875 0.06484375 0.03515625
13 0.521875 0.43671875 0.03828125 0.040625
3 0.5171875 0.28125 0.13828125 0.04296875
3 0.55390625 0.33984375 0.0640625 0.04375
6 0.115625 0.503125 0.1546875 0.02890625
2 0.57421875 0.50859375 0.01484375 0.028125
2 0.575 0.540625 0.01484375 0.0265625
2 0.57578125 0.5796875 0.01484375 0.02734375
2 0.575 0.61640625 0.01484375 0.02265625
2 0.575 0.653125 0.0171875 0.02578125
2 0.57578125 0.68984375 0.0140625 0.03046875
2 0.28515625 0.83359375 0.0140625 0.02265625
2 0.28515625 0.86328125 0.0140625 0.0234375
1 0.22265625 0.8609375 0.109375 0.0390625
1 0.34375 0.8484375 0.0515625 0.04296875
1 0.39375 0.84765625 0.0484375 0.04453125
1 0.56328125 0.8484375 0.05390625 0.04296875
1 0.95234375 0.00859375 0.0171875 0.0171875
1 0.97109375 0.01015625 0.0203125 0.0203125
1 0.990625 0.01015625 0.01875 0.0203125
5 0.075 0.98515625 0.1109375 0.02890625