6 0.05703125 0.0265625 0.10859375 0.02109375
6 0.0484375 0.0484375 0.0359375 0.01953125
6 0.13984375 0.04765625 0.04375 0.0296875
6 0.22734375 0.04921875 0.0515625 0.0234375
6 0.3125 0.046875 0.03984375 0.0234375
6 0.46328125 0.528125 0.071875 0.05859375
6 0.740625 0.2375 0.1140625 0.04453125
3 0.8015625 0.36796875 0.24296875 0.0734375
6 0.7859375 0.3 0.2 0.04765625
6 0.78203125 0.43125 0.19296875 0.040625
6 0.8 0.49453125 0.03515625 0.04453125
6 0.75625 0.56484375 0.1375 0.04140625
6 0.8015625 0.628125 0.0390625 0.0328125
6 0.75390625 0.684375 0.1390625 0.04921875
6 0.79765625 0.74765625 0.04453125 0.03359375
6 0.8171875 0.809375 0.2046875 0.04609375
6 0.8765625 0.87265625 0.0875 0.04453125
13 0.87890625 0.49140625 0.090625 0.07265625
13 0.87890625 0.6234375 0.0875 0.0765625
13 0.87890625 0.74140625 0.0875 0.07109375
1 0.72265625 0.490625 0.0875 0.06640625
1 0.72109375 0.62421875 0.0859375 0.0625
1 0.721875 0.7484375 0.090625 0.06640625
1 0.8796875 0.9359375 0.0890625 0.0703125
1 0.9515625 0.00859375 0.01875 0.01640625
1 0.9703125 0.00859375 0.01875 0.0171875
1 0.98984375 0.00859375 0.0203125 0.0171875
5 0.075 0.9859375 0.1125 0.028125