6 0.05859375 0.028125 0.10625 0.01796875
6 0.04921875 0.05078125 0.02421875 0.015625
6 0.14140625 0.04765625 0.04296875 0.02265625
6 0.23125 0.04765625 0.0578125 0.025
6 0.31328125 0.046875 0.0359375 0.025
6 0.06640625 0.284375 0.06015625 0.04140625
6 0.2046875 0.2734375 0.02734375 0.0296875
6 0.24140625 0.27109375 0.03046875 0.02890625
13 0.28125 0.30546875 0.04609375 0.0359375
6 0.27578125 0.271875 0.02265625 0.02578125
6 0.1515625 0.30546875 0.065625 0.03359375
6 0.18828125 0.34296875 0.04453125 0.02890625
3 0.24375 0.3828125 0.11796875 0.046875
6 0.2421875 0.34375 0.025 0.0265625
6 0.28515625 0.3421875 0.0375 0.028125
6 0.1515625 0.3796875 0.0640625 0.034375
6 0.06953125 0.4296875 0.06328125 0.0375
6 0.17578125 0.4296875 0.0609375 0.03671875
6 0.27578125 0.43125 0.0421875 0.021875
6 0.115625 0.503125 0.1578125 0.0296875
6 0.12421875 0.465625 0.04609375 0.0234375
3 0.25078125 0.50625 0.10703125 0.04453125
6 0.234375 0.46640625 0.0640625 0.021875
6 0.4046875 0.2890625 0.0765625 0.03671875
6 0.4171875 0.4046875 0.121875 0.02578125
6 0.40234375 0.36640625 0.0890625 0.028125
6 0.4015625 0.3328125 0.0859375 0.03046875
6 0.44375 0.43515625 0.11640625 0.025
6 0.57109375 0.43671875 0.04765625 0.0265625
6 0.41171875 0.69609375 0.17109375 0.028125
6 0.4109375 0.65703125 0.17265625 0.02890625
6 0.41640625 0.62109375 0.18046875 0.028125
6 0.4390625 0.58359375 0.22578125 0.02890625
6 0.37109375 0.5453125 0.0921875 0.028125
6 0.37109375 0.50546875 0.090625 0.034375
6 0.15859375 0.82265625 0.23046875 0.03203125
6 0.1265625 0.86171875 0.07578125 0.0296875
9 0.22109375 0.3390625 0.0140625 0.021875
9 0.2609375 0.340625 0.00859375 0.02421875
13 0.20625 0.30703125 0.03203125 0.03203125
13 0.240625 0.30546875 0.0328125 0.03203125
13 0.12421875 0.4265625 0.03828125 0.0375
13 0.23046875 0.42890625 0.0390625 0.0359375
13 0.48125 0.328125 0.06484375 0.0375
13 0.48046875 0.36875 0.06328125 0.0328125
13 0.52265625 0.4328125 0.03828125 0.03671875
3 0.51640625 0.27890625 0.140625 0.04296875
3 0.5546875 0.34140625 0.0703125 0.04765625
2 0.57421875 0.68828125 0.015625 0.0390625
2 0.575 0.653125 0.01875 0.0328125
2 0.575 0.61640625 0.01953125 0.0265625
2 0.57578125 0.57890625 0.01875 0.03046875
2 0.28515625 0.86171875 0.01328125 0.021875
2 0.2859375 0.83359375 0.01328125 0.02265625
1 0.22109375 0.86171875 0.109375 0.040625
1 0.34296875 0.84765625 0.04921875 0.03671875
1 0.39375 0.8484375 0.04921875 0.0359375
1 0.5625 0.846875 0.05 0.0390625
1 0.9546875 0.00859375 0.0171875 0.01640625
1 0.96953125 0.00859375 0.0140625 0.0171875
1 0.98828125 0.00859375 0.0234375 0.0171875
5 0.07578125 0.9859375 0.1125 0.028125
6 0.4390625 0.46328125 0.021875 0.0140625
1 0.559375 0.54296875 0.0328125 0.0234375
1 0.57421875 0.4640625 0.01015625 0.01875