6 0.0609375 0.0296875 0.11171875 0.01953125
6 0.04921875 0.05078125 0.03515625 0.01484375
6 0.13984375 0.05 0.03984375 0.01875
6 0.225 0.04609375 0.059375 0.0296875
6 0.3109375 0.04765625 0.04296875 0.021875
6 0.740625 0.240625 0.1203125 0.05234375
6 0.7875 0.3078125 0.2140625 0.0453125
6 0.78125 0.4328125 0.19609375 0.0390625
6 0.79765625 0.5 0.03984375 0.0375
6 0.75625 0.56328125 0.14375 0.046875
6 0.79765625 0.628125 0.04765625 0.0328125
6 0.75546875 0.68828125 0.13984375 0.04375
6 0.8 0.74765625 0.0359375 0.03984375
6 0.81640625 0.809375 0.20390625 0.05546875
6 0.87421875 0.87109375 0.08984375 0.04375
13 0.87890625 0.49140625 0.084375 0.06640625
13 0.88046875 0.62265625 0.0875 0.07265625
13 0.8796875 0.740625 0.090625 0.0703125
3 0.79921875 0.36796875 0.24140625 0.065625
1 0.721875 0.49296875 0.08671875 0.0671875
1 0.72265625 0.628125 0.08515625 0.065625
1 0.72109375 0.746875 0.084375 0.06171875
1 0.878125 0.934375 0.08671875 0.06640625
1 0.95 0.01015625 0.01875 0.0203125
1 0.97109375 0.01015625 0.01796875 0.01953125
1 0.98984375 0.0109375 0.0203125 0.021875
5 0.075 0.984375 0.1109375 0.03125