1 0.8390625 0.26640625 0.03984375 0.0453125
1 0.8140625 0.53125 0.14296875 0.11640625
1 0.24921875 0.2234375 0.159375 0.06015625
1 0.109375 0.5453125 0.15859375 0.05625
12 0.0375 0.621875 0.0484375 0.03828125
5 0.2171875 0.6671875 0.35234375 0.034375
12 0.0796875 0.6234375 0.04375 0.0375
12 0.121875 0.6234375 0.05078125 0.040625
5 0.8484375 0.4234375 0.13515625 0.0375
5 0.53671875 0.2859375 0.0859375 0.07890625
5 0.30078125 0.73046875 0.35234375 0.05390625
3 0.9453125 0.39140625 0.01953125 0.03984375
3 0.715625 0.30859375 0.10859375 0.21171875
3 0.525 0.22421875 0.109375 0.034375
3 0.196875 0.3828125 0.1421875 0.2375
8 0.16875 0.4484375 0.07578125 0.01953125
8 0.1703125 0.4203125 0.075 0.0203125
8 0.1703125 0.39296875 0.07578125 0.0203125
8 0.1703125 0.365625 0.07578125 0.0203125
8 0.1703125 0.3375 0.07578125 0.0203125
8 0.7046875 0.37109375 0.07578125 0.0203125
8 0.70390625 0.3421875 0.07578125 0.0203125
8 0.70390625 0.31484375 0.07578125 0.01953125
8 0.7046875 0.2875 0.07578125 0.02109375
8 0.7046875 0.26015625 0.07578125 0.0203125
2 0.81796875 0.21953125 0.01328125 0.0203125
2 0.78828125 0.31171875 0.0125 0.0203125
2 0.8671875 0.375 0.0140625 0.02421875
2 0.6015625 0.3203125 0.0125 0.021875
6 0.63125 0.3203125 0.04140625 0.01796875
6 0.84765625 0.22109375 0.040625 0.01796875
6 0.91171875 0.22109375 0.05234375 0.015625
6 0.90859375 0.2640625 0.053125 0.01796875
6 0.909375 0.31484375 0.053125 0.01875
6 0.89609375 0.375 0.0421875 0.01640625
6 0.81328125 0.3875 0.053125 0.0171875
6 0.81796875 0.31171875 0.04296875 0.01640625
9 0.8765625 0.21953125 0.01171875 0.02109375
9 0.8734375 0.2625 0.0125 0.02265625
9 0.8734375 0.3140625 0.0109375 0.02109375
9 0.778125 0.38515625 0.01171875 0.021875