6 0.2796875 0.14296875 0.103125 0.01953125
6 0.25234375 0.12109375 0.0390625 0.01484375
6 0.25546875 0.15546875 0.025 0.0125
6 0.30625 0.15546875 0.034375 0.0140625
6 0.35703125 0.15625 0.03359375 0.0140625
6 0.409375 0.15625 0.02421875 0.0140625
6 0.265625 0.29609375 0.034375 0.02578125
6 0.353125 0.29140625 0.0140625 0.015625
6 0.3734375 0.28984375 0.0203125 0.01953125
6 0.39453125 0.28828125 0.01796875 0.01875
6 0.31953125 0.30859375 0.04140625 0.0171875
6 0.34296875 0.33125 0.028125 0.0171875
6 0.3734375 0.33125 0.015625 0.0140625
6 0.4015625 0.33203125 0.02265625 0.01640625
6 0.47421875 0.29921875 0.04765625 0.02578125
6 0.46953125 0.346875 0.0515625 0.01796875
6 0.47109375 0.3265625 0.05234375 0.01640625
6 0.478125 0.37109375 0.07265625 0.01796875
6 0.496875 0.3890625 0.0671875 0.01796875
6 0.5703125 0.38828125 0.02421875 0.021875
6 0.48984375 0.43046875 0.13046875 0.02109375
6 0.49375 0.47421875 0.134375 0.01953125
6 0.4671875 0.45390625 0.08359375 0.01796875
6 0.4828125 0.4984375 0.1125 0.0171875
6 0.478125 0.521875 0.103125 0.0171875
6 0.47734375 0.54453125 0.10390625 0.01875
6 0.31875 0.3546875 0.0390625 0.0171875
6 0.2703125 0.38203125 0.03671875 0.02109375
6 0.296875 0.428125 0.09609375 0.021875
6 0.3046875 0.40625 0.0296875 0.0171875
6 0.33515625 0.38515625 0.0375 0.0234375
3 0.378125 0.42890625 0.06640625 0.025
6 0.36875 0.40546875 0.0375 0.01328125
6 0.39375 0.38515625 0.02421875 0.0203125
6 0.32421875 0.625 0.1390625 0.01640625
6 0.30390625 0.6453125 0.04453125 0.021875
9 0.36171875 0.32890625 0.0078125 0.0140625
9 0.38515625 0.32890625 0.0078125 0.01484375
13 0.35234375 0.30859375 0.021875 0.0203125
13 0.37265625 0.30859375 0.0203125 0.01953125
13 0.396875 0.30859375 0.02578125 0.02109375
13 0.3671875 0.38359375 0.0234375 0.02109375
13 0.3015625 0.3828125 0.025 0.021875
13 0.51953125 0.321875 0.03828125 0.02265625
13 0.51953125 0.34765625 0.0375 0.021875
13 0.54453125 0.38671875 0.02421875 0.021875
3 0.54140625 0.29453125 0.084375 0.025
3 0.565625 0.33125 0.04296875 0.028125
3 0.37578125 0.35546875 0.07421875 0.021875
2 0.40078125 0.64609375 0.009375 0.01484375
2 0.4 0.62890625 0.01015625 0.015625
2 0.57734375 0.43046875 0.01171875 0.01796875
2 0.5765625 0.45078125 0.0140625 0.015625
2 0.57734375 0.47578125 0.0125 0.01875
2 0.5765625 0.49765625 0.01328125 0.01640625
2 0.5765625 0.51875 0.01328125 0.015625
2 0.575 0.54296875 0.0125 0.01796875
1 0.36328125 0.6453125 0.06640625 0.021875
1 0.4359375 0.6375 0.0296875 0.0234375
1 0.465625 0.6375 0.03125 0.02421875
1 0.56875 0.63984375 0.03125 0.02734375
1 0.6125 0.12109375 0.01484375 0.0171875
1 0.6296875 0.1203125 0.01015625 0.01640625
1 0.646875 0.12109375 0.015625 0.015625
5 0.075 0.98671875 0.11171875 0.0265625