6 0.74609375 0.23984375 0.1296875 0.04375
6 0.78828125 0.3015625 0.2125 0.0453125
6 0.7828125 0.428125 0.19765625 0.040625
6 0.8015625 0.50078125 0.05625 0.03671875
6 0.7546875 0.5640625 0.13984375 0.04453125
6 0.80078125 0.63203125 0.0375 0.0359375
6 0.7546875 0.6875 0.14140625 0.0515625
6 0.80078125 0.75078125 0.03984375 0.03359375
6 0.815625 0.80625 0.20390625 0.0515625
6 0.8765625 0.87421875 0.09296875 0.04296875
6 0.05859375 0.02578125 0.11015625 0.01875
6 0.0453125 0.05078125 0.0328125 0.01640625
6 0.13671875 0.0484375 0.04609375 0.025
6 0.225 0.04765625 0.059375 0.025
6 0.31328125 0.04765625 0.04140625 0.02265625
13 0.88203125 0.4953125 0.0921875 0.084375
13 0.87890625 0.62265625 0.084375 0.07265625
13 0.88125 0.73984375 0.0890625 0.07109375
3 0.80078125 0.3671875 0.24296875 0.06875
1 0.7203125 0.4953125 0.08984375 0.07421875
1 0.721875 0.62578125 0.0890625 0.06640625
1 0.72109375 0.7484375 0.08359375 0.0625
1 0.88125 0.934375 0.0890625 0.06953125
1 0.953125 0.01015625 0.01484375 0.01953125
1 0.96953125 0.0109375 0.01875 0.021875
1 0.98984375 0.0109375 0.0203125 0.021875
5 0.075 0.98515625 0.11171875 0.0296875