1 0.109375 0.22265625 0.15390625 0.05
1 0.10859375 0.284375 0.15390625 0.04375
1 0.109375 0.3265625 0.03359375 0.034375
1 0.12421875 0.4171875 0.140625 0.1078125
12 0.03984375 0.62265625 0.04921875 0.04453125
12 0.45625 0.61875 0.0546875 0.0453125
12 0.86328125 0.6203125 0.053125 0.04921875
5 0.8484375 0.42109375 0.1359375 0.034375
5 0.20078125 0.71015625 0.35546875 0.05703125
5 0.21640625 0.665625 0.353125 0.03203125
5 0.53671875 0.28359375 0.0875 0.07890625
3 0.94609375 0.3890625 0.0234375 0.04453125
3 0.66484375 0.515625 0.1453125 0.2296875
3 0.26875 0.29375 0.1140625 0.221875
3 0.525 0.22265625 0.1078125 0.034375
8 0.6375 0.459375 0.07421875 0.01875
8 0.6375 0.4859375 0.07421875 0.0171875
8 0.6375 0.5140625 0.07421875 0.0171875
8 0.6375 0.54296875 0.075 0.01796875
8 0.6375 0.5703125 0.07578125 0.01796875
8 0.25703125 0.24375 0.07265625 0.01875
8 0.2578125 0.27265625 0.07578125 0.01796875
8 0.2578125 0.30078125 0.07421875 0.01796875
8 0.2578125 0.32734375 0.0765625 0.01796875
8 0.25703125 0.35546875 0.075 0.01875
2 0.6015625 0.31796875 0.01328125 0.021875
2 0.81796875 0.21796875 0.0125 0.021875
2 0.78828125 0.309375 0.0125 0.02109375
2 0.86640625 0.371875 0.0125 0.0203125
6 0.6328125 0.31796875 0.04609375 0.02109375
6 0.84765625 0.21796875 0.04140625 0.01796875
6 0.91171875 0.21953125 0.053125 0.01640625
6 0.90859375 0.26171875 0.053125 0.0171875
6 0.90859375 0.31328125 0.053125 0.01640625
6 0.81875 0.3109375 0.04296875 0.0171875
6 0.89609375 0.371875 0.04140625 0.01796875
6 0.81328125 0.38515625 0.053125 0.0171875
9 0.8765625 0.2171875 0.0109375 0.01953125
9 0.8734375 0.26015625 0.0109375 0.01953125
9 0.8734375 0.31171875 0.01171875 0.0203125
9 0.778125 0.38359375 0.01171875 0.021875