1 0.10546875 0.4140625 0.0375 0.04375
1 0.815625 0.259375 0.15703125 0.05234375
1 0.46328125 0.28046875 0.140625 0.11015625
1 0.48046875 0.37578125 0.15546875 0.04375
12 0.04921875 0.6375 0.04609375 0.0328125
5 0.11953125 0.7234375 0.0890625 0.08203125
12 0.090625 0.6375 0.0484375 0.034375
12 0.1328125 0.63671875 0.04765625 0.034375
5 0.77421875 0.72265625 0.35625 0.11640625
5 0.365625 0.68359375 0.3546875 0.03828125
5 0.24375 0.74453125 0.1390625 0.0359375
3 0.4421875 0.51328125 0.1078125 0.20859375
8 0.43046875 0.4640625 0.07421875 0.01875
8 0.43125 0.49296875 0.075 0.01796875
8 0.43203125 0.5203125 0.075 0.0171875
8 0.43125 0.5484375 0.075 0.01953125
8 0.43125 0.57578125 0.07421875 0.01796875
3 0.3015625 0.51015625 0.14296875 0.23515625
8 0.275 0.4640625 0.075 0.01875
8 0.27421875 0.49140625 0.075 0.0203125
8 0.275 0.51953125 0.075 0.0203125
8 0.275 0.546875 0.07421875 0.01875
8 0.275 0.57734375 0.07421875 0.021875
3 0.39296875 0.37890625 0.0171875 0.034375
3 0.3140625 0.353125 0.10859375 0.03515625
2 0.20078125 0.325 0.0125 0.02109375
2 0.084375 0.36953125 0.0125 0.02109375
2 0.11875 0.49609375 0.0125 0.02109375
2 0.0546875 0.4609375 0.0125 0.02109375
6 0.23046875 0.32578125 0.04296875 0.0171875
6 0.17890625 0.37109375 0.05390625 0.01953125
6 0.11328125 0.3703125 0.04296875 0.0171875
6 0.17578125 0.4140625 0.05390625 0.0171875
6 0.17578125 0.46484375 0.05390625 0.01875
6 0.1484375 0.49765625 0.04296875 0.0171875
6 0.08515625 0.46171875 0.04375 0.01875
6 0.065625 0.51015625 0.053125 0.01875
9 0.14296875 0.36953125 0.01171875 0.01953125
9 0.13984375 0.4125 0.01171875 0.02109375
9 0.13984375 0.46328125 0.0125 0.021875
9 0.03046875 0.50859375 0.0109375 0.02265625