7 0.48125 0.53125 0.7734375 0.078125
1 0.76640625 0.17890625 0.23828125 0.06953125
1 0.765625 0.09296875 0.2421875 0.08046875
10 0.92890625 0.5203125 0.05078125 0.9453125
1 0.18203125 0.8078125 0.16953125 0.06953125
1 0.19140625 0.72734375 0.19296875 0.0796875
1 0.38984375 0.74140625 0.134375 0.0828125
1 0.80078125 0.63125 0.15546875 0.06796875
1 0.64453125 0.6328125 0.1453125 0.07578125
1 0.4859375 0.63046875 0.1484375 0.075
1 0.33671875 0.62734375 0.14453125 0.07109375
1 0.1765625 0.62890625 0.16640625 0.07578125
9 0.13125 0.8921875 0.0859375 0.0703125
9 0.24453125 0.8921875 0.075 0.07109375
8 0.76640625 0.91796875 0.12890625 0.04375
8 0.76875 0.8515625 0.13046875 0.05078125
8 0.76484375 0.790625 0.125 0.04609375
3 0.7640625 0.8203125 0.2453125 0.28359375
9 0.85078125 0.45859375 0.06640625 0.0671875
9 0.7828125 0.4609375 0.06171875 0.065625
9 0.8515625 0.3875 0.06484375 0.0609375
9 0.78515625 0.390625 0.0609375 0.05546875
1 0.853125 0.31875 0.06328125 0.06796875
1 0.78515625 0.31796875 0.07421875 0.07578125
1 0.85 0.2515625 0.06484375 0.07109375
1 0.7890625 0.2484375 0.06640625 0.05546875
1 0.58515625 0.86328125 0.078125 0.0765625
1 0.4734375 0.865625 0.12421875 0.11796875
1 0.36171875 0.85859375 0.07578125 0.07421875
5 0.23359375 0.2671875 0.303125 0.08515625
1 0.2 0.17890625 0.24375 0.06171875
1 0.4875 0.1859375 0.246875 0.06796875
1 0.48984375 0.0921875 0.25859375 0.07109375
1 0.20859375 0.0890625 0.25234375 0.08671875
13 0.49296875 0.275 0.1890625 0.0875
11 0.6671875 0.4453125 0.1375 0.0640625
11 0.67578125 0.371875 0.13671875 0.0734375
11 0.671875 0.2765625 0.13515625 0.0796875
10 0.3234375 0.45625 0.4765625 0.04453125
10 0.32578125 0.409375 0.47578125 0.04609375
10 0.32265625 0.35859375 0.4703125 0.05859375