4 0.0375 0.21953125 0.07421875 0.1390625
4 0.13984375 0.21796875 0.121875 0.12265625
4 0.26640625 0.2109375 0.12421875 0.1015625
4 0.3859375 0.2125 0.10859375 0.10546875
4 0.51015625 0.19921875 0.12265625 0.10546875
4 0.6296875 0.2015625 0.09921875 0.096875
4 0.7484375 0.21875 0.09765625 0.05625
4 0.87265625 0.2234375 0.10625 0.0390625
4 0.03671875 0.34296875 0.0703125 0.103125
4 0.03984375 0.47578125 0.07890625 0.1046875
4 0.0375 0.62109375 0.075 0.1484375
4 0.02109375 0.78828125 0.0421875 0.0890625
4 0.01640625 0.915625 0.0328125 0.065625
4 0.140625 0.34921875 0.08515625 0.121875
4 0.14296875 0.4875 0.115625 0.12265625
4 0.15390625 0.625 0.1 0.1609375
4 0.1296875 0.78671875 0.0671875 0.08671875
4 0.25703125 0.3375 0.109375 0.13828125
4 0.265625 0.48125 0.1265625 0.1234375
4 0.26015625 0.6359375 0.0625 0.06875
4 0.2640625 0.74921875 0.115625 0.11953125
4 0.26484375 0.86640625 0.12109375 0.09765625
4 0.14296875 0.91953125 0.04765625 0.04921875
4 0.384375 0.34453125 0.10546875 0.10546875
4 0.38828125 0.48828125 0.11015625 0.103125
4 0.38515625 0.60625 0.12265625 0.109375
4 0.38046875 0.771875 0.07109375 0.0828125
4 0.384375 0.89296875 0.10546875 0.15
4 0.5046875 0.34296875 0.10703125 0.103125
4 0.5078125 0.47890625 0.10625 0.10546875
4 0.50546875 0.6546875 0.03125 0.07109375
4 0.51015625 0.73984375 0.10234375 0.10078125
4 0.51875 0.87421875 0.146875 0.1203125
4 0.628125 0.34609375 0.09609375 0.08203125
4 0.63203125 0.51015625 0.0609375 0.09296875
4 0.62890625 0.6015625 0.10859375 0.10703125
4 0.63046875 0.7390625 0.1046875 0.07890625
4 0.74609375 0.340625 0.09609375 0.11953125
4 0.75390625 0.50078125 0.0734375 0.05390625
4 0.759375 0.653125 0.0765625 0.06171875
4 0.75859375 0.74609375 0.10546875 0.1265625
4 0.75625 0.8734375 0.11640625 0.10390625
4 0.63984375 0.92265625 0.05859375 0.0546875
4 0.87265625 0.34375 0.11875 0.1375
4 0.8703125 0.49296875 0.1171875 0.12734375
4 0.87421875 0.60703125 0.1296875 0.11875
4 0.8875 0.7609375 0.11015625 0.115625
4 0.87734375 0.88046875 0.096875 0.13203125
4 0.96796875 0.23515625 0.0640625 0.08359375
4 0.9703125 0.340625 0.059375 0.115625
4 0.97109375 0.490625 0.05703125 0.10859375
4 0.97421875 0.615625 0.0515625 0.103125
4 0.9828125 0.778125 0.034375 0.059375
4 0.9625 0.87890625 0.075 0.10859375