8 0.05703125 0.0234375 0.10859375 0.021875
5 0.04765625 0.10703125 0.0890625 0.09296875
8 0.046875 0.04921875 0.03203125 0.01796875
5 0.13984375 0.11015625 0.09296875 0.0921875
8 0.14375 0.05 0.04609375 0.021875
5 0.23046875 0.11484375 0.08203125 0.1
8 0.2296875 0.0484375 0.05859375 0.025
5 0.321875 0.11796875 0.0984375 0.1109375
8 0.31328125 0.04609375 0.0375 0.0234375
8 0.06328125 0.2859375 0.05078125 0.0375
8 0.203125 0.27578125 0.02265625 0.021875
8 0.24140625 0.2703125 0.0296875 0.02890625
8 0.278125 0.27265625 0.02421875 0.025
8 0.15 0.30546875 0.06796875 0.02578125
8 0.18984375 0.34453125 0.0453125 0.02578125
4 0.24296875 0.38203125 0.11640625 0.03984375
8 0.24140625 0.34296875 0.02578125 0.02265625
8 0.29140625 0.34453125 0.04609375 0.0265625
8 0.1484375 0.384375 0.06640625 0.021875
8 0.071875 0.425 0.0578125 0.034375
8 0.1765625 0.43359375 0.0609375 0.0296875
8 0.278125 0.4328125 0.04921875 0.034375
4 0.25078125 0.50234375 0.11171875 0.04296875
8 0.2296875 0.465625 0.06953125 0.0265625
8 0.11328125 0.50234375 0.1609375 0.02890625
8 0.12578125 0.465625 0.04921875 0.03203125
8 0.4 0.28515625 0.08515625 0.0265625
8 0.44140625 0.4390625 0.11640625 0.02890625
8 0.42109375 0.403125 0.128125 0.03046875
8 0.4015625 0.3671875 0.0890625 0.03359375
8 0.39765625 0.33046875 0.09140625 0.03203125
8 0.56875 0.43515625 0.0453125 0.03203125
8 0.43359375 0.50703125 0.21796875 0.03359375
8 0.41484375 0.6953125 0.18203125 0.0296875
8 0.41171875 0.653125 0.18203125 0.0328125
8 0.4203125 0.6171875 0.18984375 0.02578125
8 0.4390625 0.58359375 0.23125 0.0296875
8 0.3984375 0.546875 0.14921875 0.028125
8 0.1609375 0.825 0.2328125 0.02890625
8 0.12578125 0.86171875 0.078125 0.02890625
11 0.22109375 0.33984375 0.01328125 0.0234375
11 0.26015625 0.340625 0.0109375 0.0234375
14 0.20546875 0.30625 0.03359375 0.0359375
14 0.23984375 0.30546875 0.0328125 0.034375
14 0.2796875 0.30625 0.04453125 0.03515625
14 0.12421875 0.4265625 0.03984375 0.03828125
14 0.2296875 0.42890625 0.040625 0.0390625
14 0.48125 0.3265625 0.0625 0.0375
14 0.48203125 0.36796875 0.0640625 0.03515625
14 0.521875 0.43515625 0.0390625 0.0375
4 0.51875 0.28125 0.13828125 0.04375
4 0.5546875 0.33984375 0.065625 0.0484375
2 0.575 0.5078125 0.01796875 0.028125
2 0.5765625 0.540625 0.0171875 0.02578125
2 0.575 0.58046875 0.01484375 0.03125
2 0.57578125 0.6140625 0.0171875 0.0265625
2 0.575 0.6515625 0.01796875 0.0296875
2 0.575 0.690625 0.01640625 0.0265625
2 0.28828125 0.8328125 0.01796875 0.0265625
2 0.28671875 0.8625 0.015625 0.0265625
1 0.221875 0.86328125 0.10859375 0.04296875
1 0.34375 0.8484375 0.04765625 0.04375
1 0.3984375 0.84765625 0.05625 0.04375
1 0.5625 0.84609375 0.05234375 0.03984375
1 0.95234375 0.00859375 0.015625 0.01640625
1 0.9703125 0.00859375 0.01875 0.0171875
1 0.98984375 0.00859375 0.0203125 0.0171875
5 0.1703125 0.64453125 0.12421875 0.21015625
6 0.0734375 0.98515625 0.1125 0.0296875