15 0.5 0.17265625 0.475 0.125
8 0.45390625 0.34296875 0.0578125 0.08203125
8 0.47109375 0.54765625 0.08515625 0.0796875
8 0.521875 0.79296875 0.15546875 0.0984375
11 0.2890625 0.33359375 0.05390625 0.0859375
11 0.2890625 0.5359375 0.0640625 0.10625
11 0.2875 0.74453125 0.0515625 0.1203125
3 0.371875 0.37734375 0.09296875 0.19453125
3 0.3734375 0.5734375 0.09375 0.17421875
1 0.953125 0.0140625 0.015625 0.028125
1 0.96953125 0.0140625 0.0171875 0.028125
1 0.98984375 0.0140625 0.0203125 0.028125
5 0.38203125 0.796875 0.10859375 0.215625
6 0.075 0.98671875 0.11015625 0.0265625