15 0.475 0.5015625 0.225 0.1359375
15 0.4703125 0.63046875 0.37890625 0.1
5 0.04921875 0.10703125 0.0890625 0.09140625
8 0.05859375 0.02890625 0.10859375 0.01875
8 0.0484375 0.04765625 0.0375 0.0203125
5 0.14140625 0.1140625 0.09375 0.1
8 0.14140625 0.04765625 0.04296875 0.025
5 0.22734375 0.1140625 0.0765625 0.1
8 0.22734375 0.04609375 0.05546875 0.02890625
5 0.31875 0.11796875 0.09921875 0.1109375
8 0.3125 0.04609375 0.04375 0.02890625
8 0.73984375 0.23828125 0.1125 0.059375
8 0.78359375 0.3078125 0.21015625 0.046875
8 0.7828125 0.4296875 0.19765625 0.046875
8 0.79921875 0.49921875 0.0421875 0.03359375
8 0.75859375 0.56015625 0.14921875 0.0515625
8 0.7984375 0.62734375 0.0421875 0.0375
8 0.759375 0.6875 0.14921875 0.04140625
8 0.79765625 0.74765625 0.034375 0.0375
8 0.8140625 0.80625 0.20390625 0.0453125
8 0.8734375 0.875 0.09296875 0.04765625
14 0.88125 0.4984375 0.08671875 0.078125
14 0.8796875 0.6234375 0.0890625 0.07265625
14 0.88125 0.7421875 0.084375 0.06640625
4 0.803125 0.36875 0.2484375 0.06640625
5 0.184375 0.578125 0.1578125 0.34140625
1 0.7234375 0.49140625 0.08671875 0.065625
1 0.7203125 0.6265625 0.08515625 0.06640625
1 0.72109375 0.746875 0.08671875 0.065625
1 0.878125 0.9375 0.090625 0.0671875
1 0.95234375 0.01015625 0.0234375 0.0203125
1 0.97109375 0.0109375 0.0140625 0.021875
1 0.98984375 0.0109375 0.0203125 0.021875
6 0.07421875 0.98515625 0.1109375 0.0296875