5 0.0484375 0.10625 0.0921875 0.09140625
8 0.0546875 0.02890625 0.1078125 0.021875
8 0.046875 0.05078125 0.03046875 0.015625
5 0.14140625 0.115625 0.09140625 0.1015625
8 0.140625 0.0484375 0.0578125 0.028125
5 0.23046875 0.11640625 0.08125 0.103125
8 0.2265625 0.0453125 0.06328125 0.03046875
5 0.3171875 0.11171875 0.0890625 0.0953125
8 0.31171875 0.04453125 0.0515625 0.028125
8 0.065625 0.29296875 0.075 0.0578125
14 0.20703125 0.3046875 0.03046875 0.03125
8 0.2015625 0.2734375 0.03046875 0.02890625
14 0.240625 0.30625 0.03359375 0.0359375
8 0.2421875 0.271875 0.03046875 0.02890625
14 0.2796875 0.30546875 0.0421875 0.0359375
8 0.2765625 0.271875 0.0265625 0.02578125
8 0.15234375 0.31015625 0.06640625 0.03046875
8 0.190625 0.3421875 0.04765625 0.0296875
4 0.24453125 0.38203125 0.11484375 0.04453125
8 0.240625 0.34296875 0.025 0.01796875
8 0.2875 0.34296875 0.0390625 0.0234375
8 0.14609375 0.38046875 0.07421875 0.03046875
8 0.06171875 0.42109375 0.075 0.05546875
8 0.1765625 0.43359375 0.059375 0.0359375
8 0.275 0.43125 0.04375 0.03046875
8 0.1109375 0.50625 0.16015625 0.03984375
8 0.11953125 0.465625 0.04765625 0.02109375
4 0.25078125 0.50078125 0.10859375 0.04375
8 0.2296875 0.46328125 0.0578125 0.01875
8 0.40546875 0.2875 0.08515625 0.04296875
8 0.4375 0.44296875 0.121875 0.03671875
8 0.41171875 0.40859375 0.11796875 0.02890625
8 0.3984375 0.3703125 0.0921875 0.02890625
8 0.39921875 0.33203125 0.09375 0.0359375
8 0.56875 0.44296875 0.04375 0.0328125
8 0.43359375 0.503125 0.2140625 0.0328125
8 0.43828125 0.578125 0.2296875 0.02890625
8 0.39375 0.54375 0.1515625 0.03125
8 0.40625 0.70234375 0.18828125 0.040625
8 0.415625 0.66015625 0.18359375 0.03046875
8 0.4203125 0.621875 0.18671875 0.03359375
8 0.15703125 0.8265625 0.23359375 0.02578125
11 0.221875 0.33984375 0.0125 0.0203125
11 0.26015625 0.3390625 0.01015625 0.02109375
14 0.1234375 0.4265625 0.040625 0.04140625
14 0.228125 0.42734375 0.03828125 0.040625
14 0.48203125 0.3703125 0.0640625 0.04140625
14 0.48125 0.328125 0.06484375 0.03671875
14 0.5234375 0.4359375 0.0421875 0.04296875
4 0.51875 0.284375 0.1390625 0.04296875
4 0.5546875 0.34140625 0.06875 0.0484375
2 0.57109375 0.54453125 0.028125 0.025
2 0.575 0.50859375 0.021875 0.0359375
2 0.575 0.57890625 0.01640625 0.02734375
2 0.575 0.615625 0.01875 0.0234375
2 0.57578125 0.653125 0.01796875 0.028125
2 0.575 0.690625 0.02109375 0.03984375
2 0.2875 0.8328125 0.01640625 0.02578125
2 0.28984375 0.86640625 0.02109375 0.03125
1 0.95234375 0.0078125 0.01875 0.015625
1 0.97109375 0.00859375 0.0203125 0.0171875
1 0.990625 0.00859375 0.01875 0.0171875
1 0.22109375 0.86015625 0.11015625 0.0359375
1 0.34296875 0.84609375 0.05 0.040625
1 0.3953125 0.846875 0.0484375 0.04140625
1 0.5625 0.8453125 0.05 0.0375
5 0.1703125 0.6515625 0.14296875 0.24296875
8 0.12421875 0.86015625 0.07734375 0.03359375
6 0.075 0.98515625 0.1125 0.0296875