5 0.31953125 0.11640625 0.09296875 0.109375
8 0.31484375 0.04609375 0.0390625 0.02578125
5 0.23125 0.115625 0.08203125 0.10546875
8 0.23046875 0.05078125 0.0546875 0.0140625
5 0.14140625 0.115625 0.09375 0.09921875
8 0.1375 0.0546875 0.04765625 0.0140625
5 0.0484375 0.10625 0.08828125 0.0921875
8 0.05078125 0.0515625 0.0328125 0.0140625
8 0.0578125 0.028125 0.109375 0.0171875
8 0.06328125 0.2875 0.04921875 0.0390625
8 0.20234375 0.27109375 0.028125 0.028125
14 0.24140625 0.30625 0.0328125 0.03515625
8 0.2421875 0.2765625 0.03203125 0.021875
8 0.2765625 0.27734375 0.028125 0.025
8 0.15234375 0.303125 0.06328125 0.0328125
8 0.190625 0.3390625 0.0421875 0.0234375
4 0.24375 0.37890625 0.11796875 0.0453125
8 0.24140625 0.340625 0.02265625 0.01875
8 0.28828125 0.34296875 0.0390625 0.021875
8 0.1515625 0.37890625 0.06484375 0.03203125
8 0.071875 0.42890625 0.06171875 0.03359375
8 0.175 0.43203125 0.06171875 0.0328125
8 0.275 0.434375 0.0375 0.03671875
8 0.11328125 0.50390625 0.1578125 0.03671875
8 0.12890625 0.46640625 0.04765625 0.0296875
4 0.25 0.5046875 0.11015625 0.04296875
8 0.23046875 0.465625 0.06015625 0.02578125
8 0.40546875 0.2890625 0.08515625 0.0390625
8 0.4390625 0.43984375 0.11484375 0.03046875
8 0.421875 0.40703125 0.1234375 0.02578125
8 0.4015625 0.3671875 0.08515625 0.0265625
8 0.39921875 0.334375 0.0921875 0.03203125
8 0.5703125 0.43671875 0.0484375 0.04140625
8 0.43125 0.50625 0.2140625 0.034375
8 0.4125 0.6953125 0.178125 0.0390625
8 0.41484375 0.65546875 0.175 0.03671875
8 0.4203125 0.61484375 0.18984375 0.03203125
8 0.4375 0.58046875 0.2203125 0.02578125
8 0.39921875 0.5421875 0.14609375 0.02890625
8 0.16015625 0.825 0.2296875 0.02890625
8 0.12734375 0.86015625 0.08125 0.02578125
11 0.221875 0.33828125 0.0125 0.025
11 0.26015625 0.3390625 0.01171875 0.02109375
14 0.20703125 0.30546875 0.03359375 0.0328125
14 0.2796875 0.30703125 0.0421875 0.0359375
14 0.1234375 0.428125 0.03984375 0.0390625
14 0.2296875 0.42890625 0.03984375 0.0375
14 0.48125 0.3265625 0.06328125 0.03828125
14 0.48125 0.36953125 0.0625 0.0390625
14 0.521875 0.4359375 0.03828125 0.04140625
4 0.51875 0.28359375 0.1390625 0.03671875
4 0.55546875 0.34140625 0.0640625 0.04375
2 0.575 0.50625 0.015625 0.025
2 0.57578125 0.540625 0.015625 0.025
2 0.575 0.5796875 0.015625 0.0296875
2 0.575 0.61484375 0.01328125 0.02265625
2 0.575 0.65234375 0.01484375 0.02265625
2 0.575 0.690625 0.01328125 0.02265625
2 0.2859375 0.83359375 0.01328125 0.0234375
2 0.2859375 0.86328125 0.015625 0.0265625
1 0.2234375 0.859375 0.10625 0.03359375
1 0.34375 0.846875 0.05 0.03984375
1 0.39609375 0.846875 0.05234375 0.03984375
1 0.56328125 0.84765625 0.05234375 0.04296875
1 0.9546875 0.009375 0.01640625 0.01875
1 0.971875 0.00859375 0.01875 0.0171875
1 0.990625 0.00859375 0.01875 0.0171875
5 0.17265625 0.6484375 0.12890625 0.20234375
6 0.075 0.98515625 0.1125 0.0296875