8 0.4984375 0.17578125 0.496875 0.12265625
8 0.453125 0.353125 0.0609375 0.09140625
8 0.46640625 0.54921875 0.090625 0.08828125
8 0.528125 0.80625 0.17265625 0.084375
11 0.2859375 0.33515625 0.05625 0.1078125
11 0.290625 0.534375 0.0484375 0.10703125
11 0.28828125 0.74921875 0.05078125 0.10625
1 0.95390625 0.0109375 0.01328125 0.021875
1 0.97265625 0.01015625 0.01171875 0.01953125
1 0.98984375 0.00859375 0.0109375 0.0171875
3 0.37109375 0.37109375 0.0953125 0.16484375
3 0.3703125 0.575 0.09375 0.16953125
5 0.37890625 0.796875 0.10859375 0.1953125
6 0.075 0.98515625 0.1109375 0.02890625