15 0.3703125 0.59296875 0.3390625 0.06171875
15 0.390625 0.86953125 0.31953125 0.03671875
15 0.38671875 0.75625 0.36953125 0.17890625
15 0.384375 0.35078125 0.3265625 0.1640625
8 0.74296875 0.2453125 0.1140625 0.05625
8 0.78671875 0.30703125 0.209375 0.05078125
8 0.78203125 0.42890625 0.196875 0.04375
8 0.79765625 0.50078125 0.046875 0.0359375
8 0.753125 0.565625 0.1390625 0.0484375
8 0.7484375 0.6859375 0.13984375 0.03828125
8 0.796875 0.634375 0.03984375 0.02890625
8 0.7984375 0.75078125 0.03671875 0.0328125
8 0.8109375 0.8109375 0.20703125 0.0546875
8 0.871875 0.87265625 0.096875 0.04140625
8 0.0578125 0.02578125 0.10859375 0.021875
5 0.046875 0.10625 0.090625 0.090625
8 0.04765625 0.05 0.03359375 0.01796875
5 0.14140625 0.10859375 0.09296875 0.08515625
8 0.14140625 0.04609375 0.04140625 0.0296875
5 0.2296875 0.11640625 0.0796875 0.1078125
8 0.22734375 0.0421875 0.05546875 0.03671875
5 0.3234375 0.11328125 0.10234375 0.10703125
8 0.31328125 0.04453125 0.04765625 0.02578125
14 0.88046875 0.49296875 0.08515625 0.06953125
14 0.878125 0.62265625 0.08671875 0.0734375
14 0.8796875 0.73984375 0.08515625 0.07109375
4 0.80078125 0.36953125 0.24453125 0.0703125
1 0.72265625 0.49140625 0.08515625 0.0671875
1 0.725 0.6265625 0.0890625 0.06484375
1 0.72109375 0.746875 0.08828125 0.06953125
10 0.3640625 0.50390625 0.49921875 0.11328125
1 0.8796875 0.93515625 0.0890625 0.065625
1 0.953125 0.00859375 0.0171875 0.01640625
1 0.971875 0.01015625 0.01953125 0.01953125
1 0.990625 0.01015625 0.01875 0.01953125
6 0.075 0.9859375 0.1125 0.028125