8 0.06015625 0.2875 0.06015625 0.04765625
8 0.06875 0.4234375 0.0625 0.0453125
14 0.20703125 0.3046875 0.0328125 0.0359375
8 0.2046875 0.271875 0.02578125 0.02890625
14 0.240625 0.30546875 0.03203125 0.03359375
8 0.24140625 0.271875 0.03046875 0.028125
14 0.28046875 0.30703125 0.04453125 0.034375
8 0.27734375 0.26953125 0.02734375 0.02890625
8 0.153125 0.30625 0.0671875 0.0296875
8 0.18984375 0.34140625 0.04375 0.0265625
4 0.24609375 0.38125 0.1171875 0.04140625
8 0.2421875 0.34453125 0.021875 0.0140625
8 0.28515625 0.34140625 0.03203125 0.02265625
8 0.15078125 0.38125 0.0671875 0.0296875
8 0.17578125 0.43515625 0.0578125 0.03046875
8 0.278125 0.43203125 0.03984375 0.03359375
8 0.11328125 0.50078125 0.159375 0.0328125
8 0.415625 0.40703125 0.1234375 0.03359375
8 0.4 0.3671875 0.09140625 0.0296875
8 0.403125 0.334375 0.0890625 0.0296875
8 0.4046875 0.290625 0.0796875 0.03359375
8 0.440625 0.440625 0.11640625 0.0265625
8 0.43203125 0.5046875 0.2109375 0.03359375
8 0.41171875 0.6953125 0.16875 0.03203125
8 0.41171875 0.65703125 0.175 0.028125
8 0.41796875 0.6203125 0.18515625 0.03046875
8 0.43828125 0.58203125 0.22734375 0.03203125
8 0.396875 0.54375 0.13984375 0.03203125
8 0.56640625 0.4421875 0.04375 0.0359375
8 0.121875 0.4640625 0.03984375 0.01953125
8 0.23125 0.4640625 0.059375 0.0234375
8 0.1609375 0.82265625 0.23203125 0.03359375
8 0.1203125 0.86171875 0.0828125 0.03203125
8 0.05625 0.0265625 0.1078125 0.01796875
5 0.0484375 0.10546875 0.0859375 0.0875
8 0.04765625 0.05078125 0.02578125 0.01796875
5 0.13984375 0.109375 0.09453125 0.0953125
8 0.13984375 0.0515625 0.04140625 0.0171875
5 0.23046875 0.11171875 0.0828125 0.0953125
8 0.228125 0.04765625 0.0578125 0.025
5 0.32578125 0.115625 0.10546875 0.10703125
8 0.31484375 0.046875 0.04375 0.025
11 0.221875 0.33984375 0.0109375 0.01953125
11 0.26015625 0.33984375 0.01171875 0.01875
14 0.1234375 0.4265625 0.04140625 0.0390625
14 0.2296875 0.42890625 0.03984375 0.0359375
14 0.48046875 0.32734375 0.06015625 0.04140625
14 0.48046875 0.36953125 0.0609375 0.0375
14 0.52109375 0.4359375 0.03671875 0.0390625
4 0.5171875 0.28203125 0.13515625 0.0375
4 0.5515625 0.3421875 0.06796875 0.046875
4 0.25 0.5046875 0.1078125 0.04140625
2 0.57578125 0.68984375 0.01484375 0.028125
2 0.575 0.6515625 0.01484375 0.025
2 0.575 0.61484375 0.0125 0.02265625
2 0.57421875 0.578125 0.01875 0.03359375
2 0.57421875 0.53984375 0.01484375 0.02109375
2 0.57421875 0.5109375 0.0140625 0.03203125
2 0.2875 0.865625 0.01640625 0.0296875
2 0.2875 0.83046875 0.0171875 0.02578125
1 0.2234375 0.8640625 0.1078125 0.04296875
1 0.34296875 0.8484375 0.04921875 0.0375
1 0.39921875 0.84765625 0.05859375 0.03671875
1 0.56328125 0.84453125 0.0515625 0.0390625
1 0.9515625 0.0140625 0.01875 0.028125
1 0.971875 0.0140625 0.021875 0.028125
1 0.990625 0.0140625 0.015625 0.028125
5 0.16953125 0.64375 0.13359375 0.19609375
6 0.075 0.98671875 0.11171875 0.02578125