15 0.51171875 0.178125 0.49609375 0.1296875
8 0.45390625 0.3453125 0.0578125 0.1015625
8 0.4703125 0.55078125 0.08984375 0.08046875
8 0.52421875 0.8046875 0.18984375 0.0953125
11 0.2875 0.334375 0.05078125 0.08515625
11 0.29140625 0.5453125 0.04453125 0.0875
11 0.2890625 0.73984375 0.0515625 0.0859375
3 0.3703125 0.3671875 0.10234375 0.18671875
3 0.37265625 0.57265625 0.096875 0.17421875
5 0.38046875 0.79921875 0.1078125 0.203125
1 0.9515625 0.00859375 0.01875 0.0171875
1 0.97109375 0.00859375 0.0171875 0.0171875
1 0.98984375 0.009375 0.0203125 0.01875
6 0.075 0.9859375 0.11328125 0.028125