8 0.05703125 0.0265625 0.10859375 0.02109375
5 0.046875 0.1078125 0.090625 0.0953125
8 0.0484375 0.0484375 0.0359375 0.01953125
5 0.14140625 0.11171875 0.0921875 0.0921875
8 0.13984375 0.04765625 0.04375 0.0296875
5 0.23046875 0.115625 0.07890625 0.10234375
8 0.22734375 0.04921875 0.0515625 0.0234375
5 0.32265625 0.115625 0.1046875 0.10390625
8 0.3125 0.046875 0.03984375 0.0234375
15 0.47265625 0.4625 0.2 0.05234375
8 0.46328125 0.528125 0.071875 0.05859375
15 0.465625 0.62578125 0.37578125 0.1
8 0.740625 0.2375 0.1140625 0.04453125
4 0.8015625 0.36796875 0.24296875 0.0734375
8 0.7859375 0.3 0.2 0.04765625
8 0.78203125 0.43125 0.19296875 0.040625
8 0.8 0.49453125 0.03515625 0.04453125
8 0.75625 0.56484375 0.1375 0.04140625
8 0.8015625 0.628125 0.0390625 0.0328125
8 0.75390625 0.684375 0.1390625 0.04921875
8 0.79765625 0.74765625 0.04453125 0.03359375
8 0.8171875 0.809375 0.2046875 0.04609375
8 0.8765625 0.87265625 0.0875 0.04453125
14 0.87890625 0.49140625 0.090625 0.07265625
14 0.87890625 0.6234375 0.0875 0.0765625
14 0.87890625 0.74140625 0.0875 0.07109375
1 0.72265625 0.490625 0.0875 0.06640625
1 0.72109375 0.62421875 0.0859375 0.0625
1 0.721875 0.7484375 0.090625 0.06640625
1 0.8796875 0.9359375 0.0890625 0.0703125
1 0.9515625 0.00859375 0.01875 0.01640625
1 0.9703125 0.00859375 0.01875 0.0171875
1 0.98984375 0.00859375 0.0203125 0.0171875
5 0.1875 0.58203125 0.14921875 0.31640625
6 0.075 0.9859375 0.1125 0.028125