15 0.49609375 0.1734375 0.46953125 0.125
8 0.4546875 0.34765625 0.04921875 0.078125
8 0.45390625 0.5484375 0.05 0.0515625
8 0.52734375 0.80234375 0.1703125 0.0890625
11 0.28984375 0.3390625 0.0546875 0.0984375
11 0.2890625 0.53359375 0.059375 0.09453125
11 0.290625 0.746875 0.05078125 0.0921875
3 0.3734375 0.37265625 0.1015625 0.18828125
3 0.3734375 0.5734375 0.0984375 0.1703125
9 0.50546875 0.50390625 0.05546875 0.109375
1 0.50703125 0.534375 0.034375 0.0265625
15 0.49765625 0.49921875 0.03515625 0.01953125
1 0.51875 0.4703125 0.0109375 0.015625
1 0.9515625 0.01171875 0.021875 0.0234375
1 0.971875 0.01328125 0.01953125 0.02578125
1 0.990625 0.01328125 0.01875 0.02578125
5 0.38203125 0.79609375 0.10703125 0.2109375
6 0.075 0.98671875 0.11171875 0.0265625