5 0.04609375 0.10859375 0.0921875 0.0921875
8 0.05703125 0.02890625 0.10703125 0.015625
8 0.0484375 0.05078125 0.02890625 0.01953125
5 0.14140625 0.11640625 0.09375 0.10390625
8 0.13828125 0.05078125 0.04375 0.01875
5 0.2296875 0.115625 0.078125 0.1
8 0.23125 0.04765625 0.05546875 0.025
5 0.3171875 0.11796875 0.09296875 0.11171875
8 0.3140625 0.05 0.0421875 0.01875
8 0.065625 0.28515625 0.0671875 0.05625
8 0.15234375 0.3078125 0.06484375 0.0375
8 0.2046875 0.2734375 0.02265625 0.0234375
8 0.240625 0.275 0.0359375 0.021875
14 0.28046875 0.3078125 0.04609375 0.03359375
8 0.2765625 0.27578125 0.0265625 0.025
8 0.40546875 0.2890625 0.08515625 0.03359375
8 0.44296875 0.43828125 0.1140625 0.025
8 0.42109375 0.40859375 0.12578125 0.0234375
8 0.403125 0.36796875 0.0890625 0.02578125
8 0.39921875 0.3328125 0.090625 0.02265625
8 0.57109375 0.43125 0.05234375 0.04296875
8 0.28046875 0.434375 0.04765625 0.0390625
4 0.25078125 0.503125 0.11015625 0.04765625
8 0.23203125 0.46640625 0.05390625 0.021875
8 0.1109375 0.49765625 0.1640625 0.03046875
8 0.1234375 0.4640625 0.0484375 0.025
8 0.06875 0.4296875 0.0671875 0.0328125
8 0.178125 0.4328125 0.06328125 0.0265625
8 0.15234375 0.38203125 0.0609375 0.02890625
8 0.18984375 0.34296875 0.04375 0.02578125
4 0.24453125 0.38203125 0.11484375 0.03828125
8 0.240625 0.34375 0.025 0.02109375
8 0.2859375 0.34296875 0.034375 0.02578125
8 0.37109375 0.5046875 0.08671875 0.028125
8 0.41640625 0.69375 0.18203125 0.025
8 0.4140625 0.65546875 0.17890625 0.025
8 0.42265625 0.61875 0.18671875 0.0234375
8 0.371875 0.58359375 0.09453125 0.02109375
8 0.37109375 0.54609375 0.09453125 0.025
8 0.53515625 0.58046875 0.0265625 0.03203125
8 0.16171875 0.82578125 0.22734375 0.02890625
8 0.12421875 0.8671875 0.07421875 0.0375
11 0.22109375 0.33984375 0.0125 0.02109375
11 0.26015625 0.3390625 0.01328125 0.01953125
14 0.20625 0.30703125 0.03359375 0.034375
14 0.240625 0.30625 0.03203125 0.0328125
14 0.48203125 0.32734375 0.06640625 0.04140625
14 0.48203125 0.36953125 0.06328125 0.03515625
14 0.52109375 0.434375 0.040625 0.04453125
14 0.23125 0.43046875 0.03984375 0.040625
14 0.1234375 0.42578125 0.040625 0.04140625
4 0.51875 0.28203125 0.1390625 0.0453125
4 0.55546875 0.34140625 0.06640625 0.04296875
2 0.57578125 0.51015625 0.01484375 0.025
2 0.575 0.54140625 0.01328125 0.025
2 0.575 0.57890625 0.0125 0.02578125
2 0.575 0.61484375 0.01484375 0.02578125
2 0.575 0.65234375 0.0125 0.02421875
2 0.57578125 0.6921875 0.01328125 0.02578125
2 0.2859375 0.8328125 0.0140625 0.021875
2 0.28515625 0.8640625 0.0125 0.02265625
1 0.22109375 0.8609375 0.11015625 0.0375
1 0.3421875 0.846875 0.0515625 0.0390625
1 0.39375 0.846875 0.04921875 0.040625
1 0.56484375 0.84765625 0.05390625 0.04296875
1 0.9546875 0.01171875 0.0140625 0.0234375
1 0.9703125 0.01328125 0.0203125 0.02578125
1 0.98984375 0.0125 0.0203125 0.025
17 0.46484375 0.55234375 0.0875 0.0796875
5 0.171875 0.6515625 0.1390625 0.24375
6 0.075 0.9859375 0.11171875 0.028125